
variables = "r", "B(r) ", "Uncertainty"
zone T = "State 1 B(r)   2p3rRe              "

    0.001200    1.0903024990328D+02     0.0
    0.007200    1.0903017987546D+02     0.0
    0.013200    1.0902981670690D+02     0.0
    0.019200    1.0902891611142D+02     0.0
    0.025200    1.0902723380396D+02     0.0
    0.031200    1.0902452550892D+02     0.0
    0.037200    1.0902054697373D+02     0.0
    0.043200    1.0901505398752D+02     0.0
    0.049200    1.0900780240492D+02     0.0
    0.055200    1.0899854817513D+02     0.0
    0.061200    1.0898704737599D+02     0.0
    0.067200    1.0897305625334D+02     0.0
    0.073200    1.0895633126544D+02     0.0
    0.079200    1.0893662913254D+02     0.0
    0.085200    1.0891370689164D+02     0.0
    0.091200    1.0888732195627D+02     0.0
    0.097200    1.0885723218143D+02     0.0
    0.103200    1.0882319593363D+02     0.0
    0.109200    1.0878497216592D+02     0.0
    0.115200    1.0874232049801D+02     0.0
    0.121200    1.0869500130141D+02     0.0
    0.127200    1.0864277578945D+02     0.0
    0.133200    1.0858540611236D+02     0.0
    0.139200    1.0852265545708D+02     0.0
    0.145200    1.0845428815210D+02     0.0
    0.151200    1.0838006977688D+02     0.0
    0.157200    1.0829976727615D+02     0.0
    0.163200    1.0821314907880D+02     0.0
    0.169200    1.0811998522133D+02     0.0
    0.175200    1.0802004747586D+02     0.0
    0.181200    1.0791310948252D+02     0.0
    0.187200    1.0779894688618D+02     0.0
    0.193200    1.0767733747741D+02     0.0
    0.199200    1.0754806133751D+02     0.0
    0.205200    1.0741090098763D+02     0.0
    0.211200    1.0726564154166D+02     0.0
    0.217200    1.0711207086298D+02     0.0
    0.223200    1.0694997972471D+02     0.0
    0.229200    1.0677916197351D+02     0.0
    0.235200    1.0659941469660D+02     0.0
    0.241200    1.0641053839202D+02     0.0
    0.247200    1.0621233714174D+02     0.0
    0.253200    1.0600461878765D+02     0.0
    0.259200    1.0578719511011D+02     0.0
    0.265200    1.0555988200885D+02     0.0
    0.271200    1.0532249968612D+02     0.0
    0.277200    1.0507487283179D+02     0.0
    0.283200    1.0481683081016D+02     0.0
    0.289200    1.0454820784829D+02     0.0
    0.295200    1.0426884322563D+02     0.0
    0.301200    1.0397858146457D+02     0.0
    0.307200    1.0367727252186D+02     0.0
    0.313200    1.0336477198038D+02     0.0
    0.319200    1.0304094124121D+02     0.0
    0.325200    1.0270564771553D+02     0.0
    0.331200    1.0235876501622D+02     0.0
    0.337200    1.0200017314871D+02     0.0
    0.343200    1.0162975870088D+02     0.0
    0.349200    1.0124741503164D+02     0.0
    0.355200    1.0085304245783D+02     0.0
    0.361200    1.0044654843927D+02     0.0
    0.367200    1.0002784776141D+02     0.0
    0.373200    9.9596862715380D+01     0.0
    0.379200    9.9153523275050D+01     0.0
    0.385200    9.8697767270785D+01     0.0
    0.391200    9.8229540559467D+01     0.0
    0.397200    9.7748797190492D+01     0.0
    0.403200    9.7255499567350D+01     0.0
    0.409200    9.6749618604435D+01     0.0
    0.415200    9.6231133878704D+01     0.0
    0.421200    9.5700033775834D+01     0.0
    0.427200    9.5156315630500D+01     0.0
    0.433200    9.4599985860407D+01     0.0
    0.439200    9.4031060093705D+01     0.0
    0.445200    9.3449563289429D+01     0.0
    0.451200    9.2855529850595D+01     0.0
    0.457200    9.2249003729595D+01     0.0
    0.463200    9.1630038525525D+01     0.0
    0.469200    9.0998697573108D+01     0.0
    0.475200    9.0355054022857D+01     0.0
    0.481200    8.9699190912140D+01     0.0
    0.487200    8.9031201226809D+01     0.0
    0.493200    8.8351187953083D+01     0.0
    0.499200    8.7659264119350D+01     0.0
    0.500000    8.7566114195835D+01  5.520D+01
    0.560000    8.0009247812659D+01  5.067D+01
    0.620000    7.1463007749778D+01  4.553D+01
    0.680000    6.2201088368330D+01  3.991D+01
    0.740000    5.2574249178737D+01  3.403D+01
    0.800000    4.2980824951895D+01  2.811D+01
    0.860000    3.3827715541715D+01  2.240D+01
    0.920000    2.5486931446974D+01  1.711D+01
    0.980000    1.8254432694441D+01  1.245D+01
    1.040000    1.2318363186584D+01  8.537D+00
    1.100000    7.7425436205253D+00  5.440D+00
    1.160000    4.4683580812983D+00  3.149D+00
    1.220000    2.3345190115536D+00  1.593D+00
    1.280000    1.1105200471716D+00  6.559D-01
    1.340000    5.3686326453938D-01  2.151D-01
    1.400000    3.6412400498879D-01  1.482D-01
    1.460000    3.8384966207277D-01  1.588D-01
    1.520000    4.4684003341446D-01  2.019D-01
    1.580000    4.6770172449850D-01  2.732D-01
    1.640000    4.1769600226402D-01  3.257D-01
    1.700000    3.0997647976022D-01  3.432D-01
    1.760000    1.8196102588300D-01  3.370D-01
    1.820000    7.8938042250502D-02  3.310D-01
    1.880000    4.1572169217592D-02  3.411D-01
    1.940000    9.8353809855231D-02  3.625D-01
    2.000000    2.6270697591107D-01  3.780D-01
    2.060000    5.3366432546634D-01  3.738D-01
    2.120000    8.9874002458023D-01  3.465D-01
    2.180000    1.3377409667802D+00  3.046D-01
    2.240000    1.8265728370680D+00  2.736D-01
    2.300000    2.3404645410100D+00  2.919D-01
    2.360000    2.8563543640059D+00  3.731D-01
    2.420000    3.3544111439836D+00  4.950D-01
    2.480000    3.8188003764270D+00  6.346D-01
    2.540000    4.2378660235044D+00  7.778D-01
    2.600000    4.6039079160853D+00  9.162D-01
    2.660000    4.9127141795931D+00  1.045D+00
    2.720000    5.1629748024390D+00  1.160D+00
    2.780000    5.3556671062871D+00  1.260D+00
    2.840000    5.4934723814871D+00  1.345D+00
    2.900000    5.5802577854202D+00  1.414D+00
    2.960000    5.6206391227032D+00  1.467D+00
    3.020000    5.6196275888032D+00  1.507D+00
    3.080000    5.5823557814204D+00  1.533D+00
    3.140000    5.5138740381296D+00  1.548D+00
    3.200000    5.4190063609192D+00  1.552D+00
    3.260000    5.3022549721801D+00  1.547D+00
    3.320000    5.1677432668857D+00  1.534D+00
    3.380000    5.0191881290670D+00  1.515D+00
    3.440000    4.8598939672156D+00  1.490D+00
    3.500000    4.6927622070983D+00  1.460D+00
    3.560000    4.5203112565085D+00  1.427D+00
    3.620000    4.3447030738857D+00  1.392D+00
    3.680000    4.1677734152443D+00  1.354D+00
    3.740000    3.9910636058536D+00  1.315D+00
    3.800000    3.8158523000826D+00  1.275D+00
    3.860000    3.6431861752344D+00  1.234D+00
    3.920000    3.4739088746518D+00  1.194D+00
    3.980000    3.3086877924779D+00  1.153D+00
    4.040000    3.1480384956561D+00  1.114D+00
    4.100000    2.9923467239368D+00  1.075D+00
    4.160000    2.8418880090750D+00  1.037D+00
    4.220000    2.6968450208600D+00  9.997D-01
    4.280000    2.5573227887720D+00  9.639D-01
    4.340000    2.4233619706935D+00  9.294D-01
    4.400000    2.2949503495118D+00  8.961D-01
    4.460000    2.1720327386370D+00  8.643D-01
    4.520000    2.0545194714779D+00  8.337D-01
    4.580000    1.9422936400080D+00  8.046D-01
    4.640000    1.8352172353635D+00  7.768D-01
    4.700000    1.7331363301149D+00  7.503D-01
    4.760000    1.6358854282742D+00  7.252D-01
    4.820000    1.5432910957899D+00  7.013D-01
    4.880000    1.4551749716046D+00  6.787D-01
    4.940000    1.3713562475275D+00  6.574D-01
    5.000000    1.2916536943133D+00  6.372D-01
    5.060000    1.2158873014910D+00  6.182D-01
    5.120000    1.1438795896372D+00  6.003D-01
    5.180000    1.0754566459105D+00  5.834D-01
    5.240000    1.0104489266856D+00  5.675D-01
    5.300000    9.4869186498996D-01  5.526D-01
    5.360000    8.9002631507080D-01  5.385D-01
    5.420000    8.3429886173426D-01  5.254D-01
    5.480000    7.8136201802557D-01  5.131D-01
    5.540000    7.3107433129319D-01  5.015D-01
    5.600000    6.8330041463494D-01  4.907D-01
    5.660000    6.3791091810171D-01  4.806D-01
    5.720000    5.9478245178122D-01  4.711D-01
    5.780000    5.5379747095344D-01  4.623D-01
    5.840000    5.1484413185756D-01  4.540D-01
    5.900000    4.7781612520032D-01  4.463D-01
    5.960000    4.4261249333509D-01  4.391D-01
    6.020000    4.0913743601971D-01  4.324D-01
    6.080000    3.7730010879531D-01  4.261D-01
    6.140000    3.4701441729527D-01  4.203D-01
    6.200000    3.1819881017368D-01  4.149D-01
    6.260000    2.9077607282104D-01  4.098D-01
    6.320000    2.6467312359617D-01  4.050D-01
    6.380000    2.3982081393498D-01  4.006D-01
    6.440000    2.1615373338984D-01  3.965D-01
    6.500000    1.9361002039651D-01  3.926D-01
    6.560000    1.7213117935373D-01  3.890D-01
    6.620000    1.5166190442385D-01  3.857D-01
    6.680000    1.3214991031980D-01  3.826D-01
    6.740000    1.1354577022434D-01  3.797D-01
    6.800000    9.5802760892603D-02  3.769D-01
    6.860000    7.8876714911550D-02  3.744D-01
    6.920000    6.2725880028396D-02  3.720D-01
    6.980000    4.7310785412266D-02  3.698D-01
    7.040000    3.2594114675443D-02  3.677D-01
    7.100000    1.8540585452781D-02  3.658D-01
    7.160000    5.1168353172655D-03  3.640D-01
    7.220000   -7.7086862047445D-03  3.623D-01
    7.280000   -1.9965819764633D-02  3.607D-01
    7.340000   -3.1682792719408D-02  3.592D-01
    7.400000   -4.2886310309152D-02  3.578D-01
    7.460000   -5.3601641735192D-02  3.565D-01
    7.520000   -6.3852701387532D-02  3.553D-01
    7.580000   -7.3662125464399D-02  3.541D-01
    7.640000   -8.3051344221470D-02  3.531D-01
    7.700000   -9.2040650080154D-02  3.520D-01
    7.760000   -1.0064926181716D-01  3.511D-01
    7.820000   -1.0889538504868D-01  3.502D-01
    7.880000   -1.1679626921399D-01  3.493D-01
    7.940000   -1.2436826125426D-01  3.485D-01
    8.000000   -1.3162685617317D-01  3.478D-01
    8.060000   -1.3858674465775D-01  3.471D-01
    8.120000   -1.4526185792815D-01  3.464D-01
    8.180000   -1.5166540997672D-01  3.458D-01
    8.240000   -1.5780993734895D-01  3.452D-01
    8.300000   -1.6370733660993D-01  3.446D-01
    8.360000   -1.6936889963232D-01  3.441D-01
    8.420000   -1.7480534683479D-01  3.436D-01
    8.480000   -1.8002685849189D-01  3.431D-01
    8.540000   -1.8504310423011D-01  3.427D-01
    8.600000   -1.8986327081763D-01  3.423D-01
    8.660000   -1.9449608834978D-01  3.419D-01
    8.720000   -1.9894985492555D-01  3.415D-01
    8.780000   -2.0323245990520D-01  3.411D-01
    8.840000   -2.0735140583378D-01  3.408D-01
    8.900000   -2.1131382910991D-01  3.404D-01
    8.960000   -2.1512651947503D-01  3.401D-01
    9.020000   -2.1879593839310D-01  3.398D-01
    9.080000   -2.2232823638693D-01  3.395D-01
    9.140000   -2.2572926939344D-01  3.393D-01
    9.200000   -2.2900461419597D-01  3.390D-01
    9.260000   -2.3215958298828D-01  3.388D-01
    9.320000   -2.3519923712209D-01  3.386D-01
    9.380000   -2.3812840008608D-01  3.383D-01
    9.440000   -2.4095166976199D-01  3.381D-01
    9.500000   -2.4367343000011D-01  3.379D-01
    9.560000   -2.4629786155448D-01  3.377D-01
    9.620000   -2.4882895241522D-01  3.375D-01
    9.680000   -2.5127050757309D-01  3.374D-01
    9.740000   -2.5362615824980D-01  3.372D-01
    9.800000   -2.5589937062474D-01  3.370D-01
    9.860000   -2.5809345408768D-01  3.369D-01
    9.920000   -2.6021156904453D-01  3.367D-01
    9.980000   -2.6225673430259D-01  3.366D-01
   10.059200   -2.6484952174782D-01     0.0
   10.119200   -2.6673633528483D-01     0.0
   10.179200   -2.6855929228214D-01     0.0
   10.239200   -2.7032087554310D-01     0.0
   10.299200   -2.7202345941498D-01     0.0
   10.359200   -2.7366931501770D-01     0.0
   10.419200   -2.7526061519840D-01     0.0
   10.479200   -2.7679943922747D-01     0.0
   10.539200   -2.7828777725051D-01     0.0
   10.599200   -2.7972753450972D-01     0.0
   10.659200   -2.8112053534742D-01     0.0
   10.719200   -2.8246852700433D-01     0.0
   10.779200   -2.8377318322321D-01     0.0
   10.839200   -2.8503610766910D-01     0.0
   10.899200   -2.8625883717591D-01     0.0
   10.959200   -2.8744284482907D-01     0.0
   11.019200   -2.8858954289298D-01     0.0
   11.079200   -2.8970028559183D-01     0.0
   11.139200   -2.9077637175149D-01     0.0
   11.199200   -2.9181904731021D-01     0.0
   11.259200   -2.9282950770497D-01     0.0
   11.319200   -2.9380890014022D-01     0.0
   11.379200   -2.9475832574523D-01     0.0
   11.439200   -2.9567884162587D-01     0.0
   11.499200   -2.9657146281667D-01     0.0
   11.559200   -2.9743716413804D-01     0.0
   11.619200   -2.9827688196392D-01     0.0
   11.679200   -2.9909151590430D-01     0.0
   11.739200   -2.9988193040728D-01     0.0
   11.799200   -3.0064895628463D-01     0.0
   11.859200   -3.0139339216485D-01     0.0
   11.919200   -3.0211600587765D-01     0.0
   11.979200   -3.0281753577297D-01     0.0
   12.039200   -3.0349869197824D-01     0.0
   12.099200   -3.0416015759691D-01     0.0
   12.159200   -3.0480258985113D-01     0.0
   12.219200   -3.0542662117148D-01     0.0
   12.279200   -3.0603286023637D-01     0.0
   12.339200   -3.0662189296379D-01     0.0
   12.399200   -3.0719428345739D-01     0.0
   12.459200   -3.0775057490970D-01     0.0
   12.519200   -3.0829129046419D-01     0.0
   12.579200   -3.0881693403822D-01     0.0
   12.639200   -3.0932799110916D-01     0.0
   12.699200   -3.0982492946505D-01     0.0
   12.759200   -3.1030819992177D-01     0.0
   12.819200   -3.1077823700827D-01     0.0
   12.879200   -3.1123545962149D-01     0.0
   12.939200   -3.1168027165226D-01     0.0
   12.999200   -3.1211306258372D-01     0.0
   13.059200   -3.1253420806352D-01     0.0
   13.119200   -3.1294407045108D-01     0.0
   13.179200   -3.1334299934096D-01     0.0
   13.239200   -3.1373133206375D-01     0.0
   13.299200   -3.1410939416521D-01     0.0
   13.359200   -3.1447749986485D-01     0.0
   13.419200   -3.1483595249498D-01     0.0
   13.479200   -3.1518504492099D-01     0.0
   13.539200   -3.1552505994375D-01     0.0
   13.599200   -3.1585627068504D-01     0.0
   13.659200   -3.1617894095679D-01     0.0
   13.719200   -3.1649332561472D-01     0.0
   13.779200   -3.1679967089737D-01     0.0
   13.839200   -3.1709821475073D-01     0.0
   13.899200   -3.1738918713971D-01     0.0
   13.959200   -3.1767281034659D-01     0.0
   14.019200   -3.1794929925724D-01     0.0
   14.079200   -3.1821886163545D-01     0.0
   14.139200   -3.1848169838633D-01     0.0
   14.199200   -3.1873800380876D-01     0.0
   14.259200   -3.1898796583764D-01     0.0
   14.319200   -3.1923176627656D-01     0.0
   14.379200   -3.1946958102082D-01     0.0
   14.439200   -3.1970158027168D-01     0.0
   14.499200   -3.1992792874205D-01     0.0
   14.559200   -3.2014878585396D-01     0.0
   14.619200   -3.2036430592815D-01     0.0
   14.679200   -3.2057463836631D-01     0.0
   14.739200   -3.2077992782612D-01     0.0
   14.799200   -3.2098031438920D-01     0.0
   14.859200   -3.2117593372288D-01     0.0
   14.919200   -3.2136691723537D-01     0.0
   14.979200   -3.2155339222512D-01     0.0
   15.039200   -3.2173548202421D-01     0.0
   15.099200   -3.2191330613639D-01     0.0
   15.159200   -3.2208698036978D-01     0.0
   15.219200   -3.2225661696444D-01     0.0
   15.279200   -3.2242232471520D-01     0.0
   15.339200   -3.2258420908964D-01     0.0
   15.399200   -3.2274237234193D-01     0.0
   15.459200   -3.2289691362199D-01     0.0
   15.519200   -3.2304792908082D-01     0.0
   15.579200   -3.2319551197186D-01     0.0
   15.639200   -3.2333975274851D-01     0.0
   15.699200   -3.2348073915802D-01     0.0
   15.759200   -3.2361855633198D-01     0.0
   15.819200   -3.2375328687341D-01     0.0
   15.879200   -3.2388501094070D-01     0.0
   15.939200   -3.2401380632845D-01     0.0
   15.999200   -3.2413974854528D-01     0.0
   16.059200   -3.2426291088906D-01     0.0
   16.119200   -3.2438336451905D-01     0.0
   16.179200   -3.2450117852583D-01     0.0
   16.239200   -3.2461641999832D-01     0.0
   16.299200   -3.2472915408878D-01     0.0
   16.359200   -3.2483944407515D-01     0.0
   16.419200   -3.2494735142143D-01     0.0
   16.479200   -3.2505293583575D-01     0.0
   16.539200   -3.2515625532645D-01     0.0
   16.599200   -3.2525736625623D-01     0.0
   16.659200   -3.2535632339421D-01     0.0
   16.719200   -3.2545317996652D-01     0.0
   16.779200   -3.2554798770468D-01     0.0
   16.839200   -3.2564079689268D-01     0.0
   16.899200   -3.2573165641221D-01     0.0
   16.959200   -3.2582061378641D-01     0.0
   17.019200   -3.2590771522208D-01     0.0
   17.079200   -3.2599300565045D-01     0.0
   17.139200   -3.2607652876658D-01     0.0
   17.199200   -3.2615832706742D-01     0.0
   17.259200   -3.2623844188845D-01     0.0
   17.319200   -3.2631691343934D-01     0.0
   17.379200   -3.2639378083813D-01     0.0
   17.439200   -3.2646908214439D-01     0.0
   17.499200   -3.2654285439133D-01     0.0
   17.559200   -3.2661513361672D-01     0.0
   17.619200   -3.2668595489276D-01     0.0
   17.679200   -3.2675535235514D-01     0.0
   17.739200   -3.2682335923098D-01     0.0
   17.799200   -3.2689000786575D-01     0.0
   17.859200   -3.2695532974971D-01     0.0
   17.919200   -3.2701935554297D-01     0.0
   17.979200   -3.2708211510009D-01     0.0
   18.039200   -3.2714363749373D-01     0.0
   18.099200   -3.2720395103761D-01     0.0
   18.159200   -3.2726308330861D-01     0.0
   18.219200   -3.2732106116828D-01     0.0
   18.279200   -3.2737791078359D-01     0.0
   18.339200   -3.2743365764704D-01     0.0
   18.399200   -3.2748832659609D-01     0.0
   18.459200   -3.2754194183205D-01     0.0
   18.519200   -3.2759452693823D-01     0.0
   18.579200   -3.2764610489770D-01     0.0
   18.639200   -3.2769669811034D-01     0.0
   18.699200   -3.2774632840936D-01     0.0
   18.759200   -3.2779501707749D-01     0.0
   18.819200   -3.2784278486235D-01     0.0
   18.879200   -3.2788965199161D-01     0.0
   18.939200   -3.2793563818754D-01     0.0
   18.999200   -3.2798076268118D-01     0.0
   19.059200   -3.2802504422601D-01     0.0
   19.119200   -3.2806850111121D-01     0.0
   19.179200   -3.2811115117459D-01     0.0
   19.239200   -3.2815301181500D-01     0.0
   19.299200   -3.2819410000445D-01     0.0
   19.359200   -3.2823443229984D-01     0.0
   19.419200   -3.2827402485436D-01     0.0
   19.479200   -3.2831289342840D-01     0.0
   19.539200   -3.2835105340037D-01     0.0
   19.599200   -3.2838851977702D-01     0.0
   19.659200   -3.2842530720349D-01     0.0
   19.719200   -3.2846142997306D-01     0.0
   19.779200   -3.2849690203665D-01     0.0
   19.839200   -3.2853173701197D-01     0.0
   19.899200   -3.2856594819246D-01     0.0
   19.959200   -3.2859954855592D-01     0.0
   20.019200   -3.2863255077290D-01     0.0
   20.079200   -3.2866496721490D-01     0.0
   20.139200   -3.2869680996215D-01     0.0
   20.199200   -3.2872809081146D-01     0.0
   20.259200   -3.2875882128352D-01     0.0
   20.319200   -3.2878901263023D-01     0.0
   20.379200   -3.2881867584170D-01     0.0
   20.439200   -3.2884782165300D-01     0.0
   20.499200   -3.2887646055096D-01     0.0
   20.559200   -3.2890460278042D-01     0.0
   20.619200   -3.2893225835058D-01     0.0
   20.679200   -3.2895943704110D-01     0.0
   20.739200   -3.2898614840786D-01     0.0
   20.799200   -3.2901240178887D-01     0.0
   20.859200   -3.2903820630972D-01     0.0
   20.919200   -3.2906357088900D-01     0.0
   20.979200   -3.2908850424365D-01     0.0
   21.039200   -3.2911301489392D-01     0.0
   21.099200   -3.2913711116853D-01     0.0
   21.159200   -3.2916080120929D-01     0.0
   21.219200   -3.2918409297599D-01     0.0
   21.279200   -3.2920699425077D-01     0.0
   21.339200   -3.2922951264276D-01     0.0
   21.399200   -3.2925165559224D-01     0.0
   21.459200   -3.2927343037489D-01     0.0
   21.519200   -3.2929484410589D-01     0.0
   21.579200   -3.2931590374387D-01     0.0
   21.639200   -3.2933661609474D-01     0.0
   21.699200   -3.2935698781550D-01     0.0
   21.759200   -3.2937702541788D-01     0.0
   21.819200   -3.2939673527185D-01     0.0
   21.879200   -3.2941612360909D-01     0.0
   21.939200   -3.2943519652642D-01     0.0
   21.999200   -3.2945395998898D-01     0.0
   22.059200   -3.2947241983347D-01     0.0
   22.119200   -3.2949058177126D-01     0.0
   22.179200   -3.2950845139138D-01     0.0
   22.239200   -3.2952603416342D-01     0.0
   22.299200   -3.2954333544047D-01     0.0
   22.359200   -3.2956036046187D-01     0.0
   22.419200   -3.2957711435588D-01     0.0
   22.479200   -3.2959360214237D-01     0.0
   22.539200   -3.2960982873539D-01     0.0
   22.599200   -3.2962579894564D-01     0.0
   22.659200   -3.2964151748287D-01     0.0
   22.719200   -3.2965698895835D-01     0.0
   22.779200   -3.2967221788716D-01     0.0
   22.839200   -3.2968720869032D-01     0.0
   22.899200   -3.2970196569715D-01     0.0
   22.959200   -3.2971649314727D-01     0.0
   23.019200   -3.2973079519281D-01     0.0
   23.079200   -3.2974487590030D-01     0.0
   23.139200   -3.2975873925276D-01     0.0
   23.199200   -3.2977238915156D-01     0.0
   23.259200   -3.2978582941826D-01     0.0
   23.319200   -3.2979906379659D-01     0.0
   23.379200   -3.2981209595405D-01     0.0
   23.439200   -3.2982492948376D-01     0.0
   23.499200   -3.2983756790614D-01     0.0
   23.559200   -3.2985001467047D-01     0.0
   23.619200   -3.2986227315669D-01     0.0
   23.679200   -3.2987434667672D-01     0.0
   23.739200   -3.2988623847618D-01     0.0
   23.799200   -3.2989795173583D-01     0.0
   23.859200   -3.2990948957300D-01     0.0
   23.919200   -3.2992085504296D-01     0.0
   23.979200   -3.2993205114045D-01     0.0
   24.039200   -3.2994308080090D-01     0.0
   24.099200   -3.2995394690179D-01     0.0
   24.159200   -3.2996465226389D-01     0.0
   24.219200   -3.2997519965266D-01     0.0
   24.279200   -3.2998559177921D-01     0.0
   24.339200   -3.2999583130176D-01     0.0
   24.399200   -3.3000592082664D-01     0.0
   24.459200   -3.3001586290944D-01     0.0
   24.519200   -3.3002566005622D-01     0.0
   24.579200   -3.3003531472446D-01     0.0
   24.639200   -3.3004482932417D-01     0.0
   24.699200   -3.3005420621890D-01     0.0
   24.759200   -3.3006344772683D-01     0.0
   24.819200   -3.3007255612160D-01     0.0
   24.879200   -3.3008153363340D-01     0.0
   24.939200   -3.3009038244982D-01     0.0
   24.999200   -3.3009910471681D-01     0.0
   25.059200   -3.3010770253952D-01     0.0
   25.119200   -3.3011617798322D-01     0.0
   25.179200   -3.3012453307416D-01     0.0
   25.239200   -3.3013276980032D-01     0.0
   25.299200   -3.3014089011226D-01     0.0
   25.359200   -3.3014889592392D-01     0.0
   25.419200   -3.3015678911343D-01     0.0
   25.479200   -3.3016457152376D-01     0.0
   25.539200   -3.3017224496356D-01     0.0
   25.599200   -3.3017981120780D-01     0.0
   25.659200   -3.3018727199852D-01     0.0
   25.719200   -3.3019462904548D-01     0.0
   25.779200   -3.3020188402691D-01     0.0
   25.839200   -3.3020903859001D-01     0.0
   25.899200   -3.3021609435179D-01     0.0
   25.959200   -3.3022305289952D-01     0.0
   26.019200   -3.3022991579143D-01     0.0
   26.079200   -3.3023668455729D-01     0.0
   26.139200   -3.3024336069901D-01     0.0
   26.199200   -3.3024994569112D-01     0.0
   26.259200   -3.3025644098150D-01     0.0
   26.319200   -3.3026284799175D-01     0.0
   26.379200   -3.3026916811782D-01     0.0
   26.439200   -3.3027540273047D-01     0.0
   26.499200   -3.3028155317588D-01     0.0
   26.559200   -3.3028762077601D-01     0.0
   26.619200   -3.3029360682921D-01     0.0
   26.679200   -3.3029951261064D-01     0.0
   26.739200   -3.3030533937266D-01     0.0
   26.799200   -3.3031108834543D-01     0.0
   26.859200   -3.3031676073730D-01     0.0
   26.919200   -3.3032235773518D-01     0.0
   26.979200   -3.3032788050503D-01     0.0
   27.039200   -3.3033333019226D-01     0.0
   27.099200   -3.3033870792214D-01     0.0
   27.159200   -3.3034401480018D-01     0.0
   27.219200   -3.3034925191255D-01     0.0
   27.279200   -3.3035442032643D-01     0.0
   27.339200   -3.3035952109041D-01     0.0
   27.399200   -3.3036455523480D-01     0.0
   27.459200   -3.3036952377206D-01     0.0
   27.519200   -3.3037442769709D-01     0.0
   27.579200   -3.3037926798764D-01     0.0
   27.639200   -3.3038404560451D-01     0.0
   27.699200   -3.3038876149207D-01     0.0
   27.759200   -3.3039341657837D-01     0.0
   27.819200   -3.3039801177563D-01     0.0
   27.879200   -3.3040254798045D-01     0.0
   27.939200   -3.3040702607406D-01     0.0
   27.999200   -3.3041144692280D-01     0.0
   28.059200   -3.3041581137821D-01     0.0
   28.119200   -3.3042012027742D-01     0.0
   28.179200   -3.3042437444338D-01     0.0
   28.239200   -3.3042857468517D-01     0.0
   28.299200   -3.3043272179822D-01     0.0
   28.359200   -3.3043681656458D-01     0.0
   28.419200   -3.3044085975318D-01     0.0
   28.479200   -3.3044485212009D-01     0.0
   28.539200   -3.3044879440871D-01     0.0
   28.599200   -3.3045268735008D-01     0.0
   28.659200   -3.3045653166305D-01     0.0
   28.719200   -3.3046032805456D-01     0.0
   28.779200   -3.3046407721983D-01     0.0
   28.839200   -3.3046777984252D-01     0.0
   28.899200   -3.3047143659511D-01     0.0
   28.959200   -3.3047504813893D-01     0.0
   29.019200   -3.3047861512446D-01     0.0
   29.079200   -3.3048213819152D-01     0.0
   29.139200   -3.3048561796943D-01     0.0
   29.199200   -3.3048905507726D-01     0.0
   29.259200   -3.3049245012399D-01     0.0
   29.319200   -3.3049580370866D-01     0.0
   29.379200   -3.3049911642060D-01     0.0
   29.439200   -3.3050238883957D-01     0.0
   29.499200   -3.3050562153601D-01     0.0
   29.559200   -3.3050881507110D-01     0.0
   29.619200   -3.3051196999700D-01     0.0
   29.679200   -3.3051508685699D-01     0.0
   29.739200   -3.3051816618564D-01     0.0
   29.799200   -3.3052120850895D-01     0.0
   29.859200   -3.3052421434454D-01     0.0
   29.919200   -3.3052718420174D-01     0.0
   29.979200   -3.3053011858179D-01     0.0
   30.039200   -3.3053301797799D-01     0.0
   30.099200   -3.3053588287579D-01     0.0
   30.159200   -3.3053871375298D-01     0.0
   30.219200   -3.3054151107978D-01     0.0
   30.279200   -3.3054427531900D-01     0.0
   30.339200   -3.3054700692622D-01     0.0
   30.399200   -3.3054970634980D-01     0.0
   30.459200   -3.3055237403114D-01     0.0
   30.519200   -3.3055501040470D-01     0.0
   30.579200   -3.3055761589814D-01     0.0
   30.639200   -3.3056019093251D-01     0.0
   30.699200   -3.3056273592229D-01     0.0
   30.759200   -3.3056525127553D-01     0.0
   30.819200   -3.3056773739393D-01     0.0
   30.879200   -3.3057019467305D-01     0.0
   30.939200   -3.3057262350230D-01     0.0
   30.999200   -3.3057502426508D-01     0.0
   31.059200   -3.3057739733895D-01     0.0
   31.119200   -3.3057974309564D-01     0.0
   31.179200   -3.3058206190118D-01     0.0
   31.239200   -3.3058435411605D-01     0.0
   31.299200   -3.3058662009520D-01     0.0
   31.359200   -3.3058886018820D-01     0.0
   31.419200   -3.3059107473927D-01     0.0
   31.479200   -3.3059326408746D-01     0.0
   31.539200   -3.3059542856665D-01     0.0
   31.599200   -3.3059756850568D-01     0.0
   31.659200   -3.3059968422845D-01     0.0
   31.719200   -3.3060177605401D-01     0.0
   31.779200   -3.3060384429653D-01     0.0
   31.839200   -3.3060588926555D-01     0.0
   31.899200   -3.3060791126595D-01     0.0
   31.959200   -3.3060991059805D-01     0.0
   32.019200   -3.3061188755765D-01     0.0
   32.079200   -3.3061384243629D-01     0.0
   32.139200   -3.3061577552105D-01     0.0
   32.199200   -3.3061768709476D-01     0.0
   32.259200   -3.3061957743611D-01     0.0
   32.319200   -3.3062144681967D-01     0.0
   32.379200   -3.3062329551590D-01     0.0
   32.439200   -3.3062512379136D-01     0.0
   32.499200   -3.3062693190865D-01     0.0
   32.559200   -3.3062872012653D-01     0.0
   32.619200   -3.3063048869995D-01     0.0
   32.679200   -3.3063223788018D-01     0.0
   32.739200   -3.3063396791477D-01     0.0
   32.799200   -3.3063567904772D-01     0.0
   32.859200   -3.3063737151945D-01     0.0
   32.919200   -3.3063904556688D-01     0.0
   32.979200   -3.3064070142357D-01     0.0
   33.039200   -3.3064233931960D-01     0.0
   33.099200   -3.3064395948180D-01     0.0
   33.159200   -3.3064556213374D-01     0.0
   33.219200   -3.3064714749575D-01     0.0
   33.279200   -3.3064871578497D-01     0.0
   33.339200   -3.3065026721549D-01     0.0
   33.399200   -3.3065180199831D-01     0.0
   33.459200   -3.3065332034139D-01     0.0
   33.519200   -3.3065482244979D-01     0.0
   33.579200   -3.3065630852558D-01     0.0
   33.639200   -3.3065777876804D-01     0.0
   33.699200   -3.3065923337356D-01     0.0
   33.759200   -3.3066067253576D-01     0.0
   33.819200   -3.3066209644559D-01     0.0
   33.879200   -3.3066350529123D-01     0.0
   33.939200   -3.3066489925823D-01     0.0
   33.999200   -3.3066627852956D-01     0.0
   34.059200   -3.3066764328560D-01     0.0
   34.119200   -3.3066899370421D-01     0.0
   34.179200   -3.3067032996077D-01     0.0
   34.239200   -3.3067165222823D-01     0.0
   34.299200   -3.3067296067708D-01     0.0
   34.359200   -3.3067425547550D-01     0.0
   34.419200   -3.3067553678928D-01     0.0
   34.479200   -3.3067680478195D-01     0.0
   34.539200   -3.3067805961476D-01     0.0
   34.599200   -3.3067930144676D-01     0.0
   34.659200   -3.3068053043477D-01     0.0
   34.719200   -3.3068174673349D-01     0.0
   34.779200   -3.3068295049547D-01     0.0
   34.839200   -3.3068414187117D-01     0.0
   34.899200   -3.3068532100900D-01     0.0
   34.959200   -3.3068648805532D-01     0.0
   35.019200   -3.3068764315452D-01     0.0
   35.079200   -3.3068878644903D-01     0.0
   35.139200   -3.3068991807931D-01     0.0
   35.199200   -3.3069103818391D-01     0.0
   35.259200   -3.3069214689957D-01     0.0
   35.319200   -3.3069324436109D-01     0.0
   35.379200   -3.3069433070151D-01     0.0
   35.439200   -3.3069540605207D-01     0.0
   35.499200   -3.3069647054220D-01     0.0
   35.559200   -3.3069752429966D-01     0.0
   35.619200   -3.3069856745044D-01     0.0
   35.679200   -3.3069960011885D-01     0.0
   35.739200   -3.3070062242758D-01     0.0
   35.799200   -3.3070163449762D-01     0.0
   35.859200   -3.3070263644841D-01     0.0
   35.919200   -3.3070362839773D-01     0.0
   35.979200   -3.3070461046189D-01     0.0
   36.039200   -3.3070558275557D-01     0.0
   36.099200   -3.3070654539195D-01     0.0
   36.159200   -3.3070749848279D-01     0.0
   36.219200   -3.3070844213825D-01     0.0
   36.279200   -3.3070937646714D-01     0.0
   36.339200   -3.3071030157680D-01     0.0
   36.399200   -3.3071121757316D-01     0.0
   36.459200   -3.3071212456076D-01     0.0
   36.519200   -3.3071302264280D-01     0.0
   36.579200   -3.3071391192110D-01     0.0
   36.639200   -3.3071479249614D-01     0.0
   36.699200   -3.3071566446715D-01     0.0
   36.759200   -3.3071652793205D-01     0.0
   36.819200   -3.3071738298738D-01     0.0
   36.879200   -3.3071822972858D-01     0.0
   36.939200   -3.3071906824980D-01     0.0
   36.999200   -3.3071989864397D-01     0.0
   37.059200   -3.3072072100281D-01     0.0
   37.119200   -3.3072153541687D-01     0.0
   37.179200   -3.3072234197554D-01     0.0
   37.239200   -3.3072314076706D-01     0.0
   37.299200   -3.3072393187854D-01     0.0
   37.359200   -3.3072471539597D-01     0.0
   37.419200   -3.3072549140425D-01     0.0
   37.479200   -3.3072625998717D-01     0.0
   37.539200   -3.3072702122751D-01     0.0
   37.599200   -3.3072777520695D-01     0.0
   37.659200   -3.3072852200615D-01     0.0
   37.719200   -3.3072926170473D-01     0.0
   37.779200   -3.3072999438133D-01     0.0
   37.839200   -3.3073072011357D-01     0.0
   37.899200   -3.3073143897812D-01     0.0
   37.959200   -3.3073215105066D-01     0.0
   38.019200   -3.3073285640593D-01     0.0
   38.079200   -3.3073355511773D-01     0.0
   38.139200   -3.3073424725894D-01     0.0
   38.199200   -3.3073493290151D-01     0.0
   38.259200   -3.3073561211652D-01     0.0
   38.319200   -3.3073628497410D-01     0.0
   38.379200   -3.3073695154362D-01     0.0
   38.439200   -3.3073761189348D-01     0.0
   38.499200   -3.3073826609129D-01     0.0
   38.559200   -3.3073891420378D-01     0.0
   38.619200   -3.3073955629689D-01     0.0
   38.679200   -3.3074019243574D-01     0.0
   38.739200   -3.3074082268461D-01     0.0
   38.799200   -3.3074144710704D-01     0.0
   38.859200   -3.3074206576576D-01     0.0
   38.919200   -3.3074267872273D-01     0.0
   38.979200   -3.3074328603916D-01     0.0
   39.039200   -3.3074388777550D-01     0.0
   39.099200   -3.3074448399145D-01     0.0
   39.159200   -3.3074507474601D-01     0.0
   39.219200   -3.3074566009745D-01     0.0
   39.279200   -3.3074624010333D-01     0.0
   39.339200   -3.3074681482050D-01     0.0
   39.399200   -3.3074738430512D-01     0.0
   39.459200   -3.3074794861269D-01     0.0
   39.519200   -3.3074850779800D-01     0.0
   39.579200   -3.3074906191525D-01     0.0
   39.639200   -3.3074961101791D-01     0.0
   39.699200   -3.3075015515885D-01     0.0
   39.759200   -3.3075069439026D-01     0.0
   39.819200   -3.3075122876377D-01     0.0
   39.879200   -3.3075175833034D-01     0.0
   39.939200   -3.3075228314033D-01     0.0
   39.999200   -3.3075280324351D-01     0.0
   40.059200   -3.3075331868904D-01     0.0
   40.119200   -3.3075382952553D-01     0.0
   40.179200   -3.3075433580093D-01     0.0
   40.239200   -3.3075483756273D-01     0.0
   40.299200   -3.3075533485776D-01     0.0
   40.359200   -3.3075582773236D-01     0.0
   40.419200   -3.3075631623229D-01     0.0
   40.479200   -3.3075680040278D-01     0.0
   40.539200   -3.3075728028851D-01     0.0
   40.599200   -3.3075775593367D-01     0.0
   40.659200   -3.3075822738189D-01     0.0
   40.719200   -3.3075869467631D-01     0.0
   40.779200   -3.3075915785955D-01     0.0
   40.839200   -3.3075961697377D-01     0.0
   40.899200   -3.3076007206057D-01     0.0
   40.959200   -3.3076052316111D-01     0.0
   41.019200   -3.3076097031608D-01     0.0
   41.079200   -3.3076141356567D-01     0.0
   41.139200   -3.3076185294960D-01     0.0
   41.199200   -3.3076228850715D-01     0.0
   41.259200   -3.3076272027712D-01     0.0
   41.319200   -3.3076314829791D-01     0.0
   41.379200   -3.3076357260741D-01     0.0
   41.439200   -3.3076399324309D-01     0.0
   41.499200   -3.3076441024204D-01     0.0
   41.559200   -3.3076482364087D-01     0.0
   41.619200   -3.3076523347579D-01     0.0
   41.679200   -3.3076563978256D-01     0.0
   41.739200   -3.3076604259662D-01     0.0
   41.799200   -3.3076644195289D-01     0.0
   41.859200   -3.3076683788594D-01     0.0
   41.919200   -3.3076723042999D-01     0.0
   41.979200   -3.3076761961882D-01     0.0
   42.039200   -3.3076800548581D-01     0.0
   42.099200   -3.3076838806401D-01     0.0
   42.159200   -3.3076876738607D-01     0.0
   42.219200   -3.3076914348427D-01     0.0
   42.279200   -3.3076951639050D-01     0.0
   42.339200   -3.3076988613637D-01     0.0
   42.399200   -3.3077025275305D-01     0.0
   42.459200   -3.3077061627140D-01     0.0
   42.519200   -3.3077097672192D-01     0.0
   42.579200   -3.3077133413475D-01     0.0
   42.639200   -3.3077168853972D-01     0.0
   42.699200   -3.3077203996635D-01     0.0
   42.759200   -3.3077238844374D-01     0.0
   42.819200   -3.3077273400077D-01     0.0
   42.879200   -3.3077307666593D-01     0.0
   42.939200   -3.3077341646739D-01     0.0
   42.999200   -3.3077375343308D-01     0.0
   43.059200   -3.3077408759052D-01     0.0
   43.119200   -3.3077441896700D-01     0.0
   43.179200   -3.3077474758945D-01     0.0
   43.239200   -3.3077507348458D-01     0.0
   43.299200   -3.3077539667874D-01     0.0
   43.359200   -3.3077571719798D-01     0.0
   43.419200   -3.3077603506813D-01     0.0
   43.479200   -3.3077635031466D-01     0.0
   43.539200   -3.3077666296282D-01     0.0
   43.599200   -3.3077697303756D-01     0.0
   43.659200   -3.3077728056353D-01     0.0
   43.719200   -3.3077758556518D-01     0.0
   43.779200   -3.3077788806660D-01     0.0
   43.839200   -3.3077818809171D-01     0.0
   43.899200   -3.3077848566407D-01     0.0
   43.959200   -3.3077878080710D-01     0.0
   44.019200   -3.3077907354387D-01     0.0
   44.079200   -3.3077936389724D-01     0.0
   44.139200   -3.3077965188981D-01     0.0
   44.199200   -3.3077993754396D-01     0.0
   44.259200   -3.3078022088180D-01     0.0
   44.319200   -3.3078050192519D-01     0.0
   44.379200   -3.3078078069581D-01     0.0
   44.439200   -3.3078105721506D-01     0.0
   44.499200   -3.3078133150411D-01     0.0
   44.559200   -3.3078160358392D-01     0.0
   44.619200   -3.3078187347522D-01     0.0
   44.679200   -3.3078214119853D-01     0.0
   44.739200   -3.3078240677412D-01     0.0
   44.799200   -3.3078267022207D-01     0.0
   44.859200   -3.3078293156225D-01     0.0
   44.919200   -3.3078319081427D-01     0.0
   44.979200   -3.3078344799761D-01     0.0
   45.039200   -3.3078370313148D-01     0.0
   45.099200   -3.3078395623492D-01     0.0
   45.159200   -3.3078420732673D-01     0.0
   45.219200   -3.3078445642555D-01     0.0
   45.279200   -3.3078470354981D-01     0.0
   45.339200   -3.3078494871776D-01     0.0
   45.399200   -3.3078519194742D-01     0.0
   45.459200   -3.3078543325664D-01     0.0
   45.519200   -3.3078567266310D-01     0.0
   45.579200   -3.3078591018428D-01     0.0
   45.639200   -3.3078614583746D-01     0.0
   45.699200   -3.3078637963977D-01     0.0
   45.759200   -3.3078661160814D-01     0.0
   45.819200   -3.3078684175932D-01     0.0
   45.879200   -3.3078707010992D-01     0.0
   45.939200   -3.3078729667632D-01     0.0
   45.999200   -3.3078752147480D-01     0.0
   46.059200   -3.3078774452141D-01     0.0
   46.119200   -3.3078796583205D-01     0.0
   46.179200   -3.3078818542246D-01     0.0
   46.239200   -3.3078840330824D-01     0.0
   46.299200   -3.3078861950479D-01     0.0
   46.359200   -3.3078883402735D-01     0.0
   46.419200   -3.3078904689106D-01     0.0
   46.479200   -3.3078925811085D-01     0.0
   46.539200   -3.3078946770150D-01     0.0
   46.599200   -3.3078967567765D-01     0.0
   46.659200   -3.3078988205380D-01     0.0
   46.719200   -3.3079008684429D-01     0.0
   46.779200   -3.3079029006330D-01     0.0
   46.839200   -3.3079049172491D-01     0.0
   46.899200   -3.3079069184300D-01     0.0
   46.959200   -3.3079089043133D-01     0.0
   47.019200   -3.3079108750355D-01     0.0
   47.079200   -3.3079128307312D-01     0.0
   47.139200   -3.3079147715341D-01     0.0
   47.199200   -3.3079166975760D-01     0.0
   47.259200   -3.3079186089880D-01     0.0
   47.319200   -3.3079205058997D-01     0.0
   47.379200   -3.3079223884389D-01     0.0
   47.439200   -3.3079242567327D-01     0.0
   47.499200   -3.3079261109065D-01     0.0
   47.559200   -3.3079279510849D-01     0.0
   47.619200   -3.3079297773906D-01     0.0
   47.679200   -3.3079315899460D-01     0.0
   47.739200   -3.3079333888712D-01     0.0
   47.799200   -3.3079351742860D-01     0.0
   47.859200   -3.3079369463083D-01     0.0
   47.919200   -3.3079387050553D-01     0.0
   47.979200   -3.3079404506429D-01     0.0
   48.039200   -3.3079421831860D-01     0.0
   48.099200   -3.3079439027977D-01     0.0
   48.159200   -3.3079456095907D-01     0.0
   48.219200   -3.3079473036764D-01     0.0
   48.279200   -3.3079489851651D-01     0.0
   48.339200   -3.3079506541657D-01     0.0
   48.399200   -3.3079523107864D-01     0.0
   48.459200   -3.3079539551342D-01     0.0
   48.519200   -3.3079555873152D-01     0.0
   48.579200   -3.3079572074339D-01     0.0
   48.639200   -3.3079588155944D-01     0.0
   48.699200   -3.3079604118995D-01     0.0
   48.759200   -3.3079619964510D-01     0.0
   48.819200   -3.3079635693497D-01     0.0
   48.879200   -3.3079651306956D-01     0.0
   48.939200   -3.3079666805873D-01     0.0
   48.999200   -3.3079682191231D-01     0.0
   49.059200   -3.3079697463996D-01     0.0
   49.119200   -3.3079712625132D-01     0.0
   49.179200   -3.3079727675583D-01     0.0
   49.239200   -3.3079742616296D-01     0.0
   49.299200   -3.3079757448204D-01     0.0
   49.359200   -3.3079772172225D-01     0.0
   49.419200   -3.3079786789279D-01     0.0
   49.479200   -3.3079801300268D-01     0.0
   49.539200   -3.3079815706088D-01     0.0
   49.599200   -3.3079830007631D-01     0.0
   49.659200   -3.3079844205774D-01     0.0
   49.719200   -3.3079858301388D-01     0.0
   49.779200   -3.3079872295336D-01     0.0
   49.839200   -3.3079886188472D-01     0.0
   49.899200   -3.3079899981643D-01     0.0
   49.959200   -3.3079913675687D-01     0.0
   50.019200   -3.3079927271433D-01     0.0
   50.079200   -3.3079940769704D-01     0.0
   50.139200   -3.3079954171313D-01     0.0
   50.199200   -3.3079967477069D-01     0.0
   50.259200   -3.3079980687771D-01     0.0
   50.319200   -3.3079993804207D-01     0.0
   50.379200   -3.3080006827162D-01     0.0
   50.439200   -3.3080019757414D-01     0.0
   50.499200   -3.3080032595732D-01     0.0
   50.559200   -3.3080045342874D-01     0.0
   50.619200   -3.3080057999599D-01     0.0
   50.679200   -3.3080070566649D-01     0.0
   50.739200   -3.3080083044771D-01     0.0
   50.799200   -3.3080095434693D-01     0.0
   50.859200   -3.3080107737143D-01     0.0
   50.919200   -3.3080119952843D-01     0.0
   50.979200   -3.3080132082501D-01     0.0
   51.039200   -3.3080144126827D-01     0.0
   51.099200   -3.3080156086518D-01     0.0
   51.159200   -3.3080167962268D-01     0.0
   51.219200   -3.3080179754767D-01     0.0
   51.279200   -3.3080191464689D-01     0.0
   51.339200   -3.3080203092710D-01     0.0
   51.399200   -3.3080214639498D-01     0.0
   51.459200   -3.3080226105716D-01     0.0
   51.519200   -3.3080237492015D-01     0.0
   51.579200   -3.3080248799049D-01     0.0
   51.639200   -3.3080260027457D-01     0.0
   51.699200   -3.3080271177878D-01     0.0
   51.759200   -3.3080282250942D-01     0.0
   51.819200   -3.3080293247274D-01     0.0
   51.879200   -3.3080304167496D-01     0.0
   51.939200   -3.3080315012220D-01     0.0
   51.999200   -3.3080325782056D-01     0.0
   52.059200   -3.3080336477603D-01     0.0
   52.119200   -3.3080347099461D-01     0.0
   52.179200   -3.3080357648221D-01     0.0
   52.239200   -3.3080368124468D-01     0.0
   52.299200   -3.3080378528785D-01     0.0
   52.359200   -3.3080388861747D-01     0.0
   52.419200   -3.3080399123923D-01     0.0
   52.479200   -3.3080409315878D-01     0.0
   52.539200   -3.3080419438173D-01     0.0
   52.599200   -3.3080429491364D-01     0.0
   52.659200   -3.3080439475998D-01     0.0
   52.719200   -3.3080449392619D-01     0.0
   52.779200   -3.3080459241770D-01     0.0
   52.839200   -3.3080469023986D-01     0.0
   52.899200   -3.3080478739794D-01     0.0
   52.959200   -3.3080488389723D-01     0.0
   53.019200   -3.3080497974290D-01     0.0
   53.079200   -3.3080507494013D-01     0.0
   53.139200   -3.3080516949402D-01     0.0
   53.199200   -3.3080526340967D-01     0.0
   53.259200   -3.3080535669204D-01     0.0
   53.319200   -3.3080544934615D-01     0.0
   53.379200   -3.3080554137694D-01     0.0
   53.439200   -3.3080563278925D-01     0.0
   53.499200   -3.3080572358796D-01     0.0
   53.559200   -3.3080581377786D-01     0.0
   53.619200   -3.3080590336372D-01     0.0
   53.679200   -3.3080599235021D-01     0.0
   53.739200   -3.3080608074206D-01     0.0
   53.799200   -3.3080616854388D-01     0.0
   53.859200   -3.3080625576023D-01     0.0
   53.919200   -3.3080634239569D-01     0.0
   53.979200   -3.3080642845476D-01     0.0
   54.039200   -3.3080651394193D-01     0.0
   54.099200   -3.3080659886159D-01     0.0
   54.159200   -3.3080668321815D-01     0.0
   54.219200   -3.3080676701596D-01     0.0
   54.279200   -3.3080685025933D-01     0.0
   54.339200   -3.3080693295254D-01     0.0
   54.399200   -3.3080701509984D-01     0.0
   54.459200   -3.3080709670541D-01     0.0
   54.519200   -3.3080717777339D-01     0.0
   54.579200   -3.3080725830797D-01     0.0
   54.639200   -3.3080733831319D-01     0.0
   54.699200   -3.3080741779312D-01     0.0
   54.759200   -3.3080749675176D-01     0.0
   54.819200   -3.3080757519315D-01     0.0
   54.879200   -3.3080765312119D-01     0.0
   54.939200   -3.3080773053979D-01     0.0
   54.999200   -3.3080780745285D-01     0.0
   55.059200   -3.3080788386421D-01     0.0
   55.119200   -3.3080795977770D-01     0.0
   55.179200   -3.3080803519709D-01     0.0
   55.239200   -3.3080811012613D-01     0.0
   55.299200   -3.3080818456852D-01     0.0
   55.359200   -3.3080825852795D-01     0.0
   55.419200   -3.3080833200809D-01     0.0
   55.479200   -3.3080840501254D-01     0.0
   55.539200   -3.3080847754490D-01     0.0
   55.599200   -3.3080854960869D-01     0.0
   55.659200   -3.3080862120751D-01     0.0
   55.719200   -3.3080869234479D-01     0.0
   55.779200   -3.3080876302403D-01     0.0
   55.839200   -3.3080883324866D-01     0.0
   55.899200   -3.3080890302208D-01     0.0
   55.959200   -3.3080897234768D-01     0.0
   56.019200   -3.3080904122880D-01     0.0
   56.079200   -3.3080910966878D-01     0.0
   56.139200   -3.3080917767089D-01     0.0
   56.199200   -3.3080924523841D-01     0.0
   56.259200   -3.3080931237457D-01     0.0
   56.319200   -3.3080937908257D-01     0.0
   56.379200   -3.3080944536559D-01     0.0
   56.439200   -3.3080951122680D-01     0.0
   56.499200   -3.3080957666934D-01     0.0
   56.559200   -3.3080964169629D-01     0.0
   56.619200   -3.3080970631072D-01     0.0
   56.679200   -3.3080977051571D-01     0.0
   56.739200   -3.3080983431425D-01     0.0
   56.799200   -3.3080989770935D-01     0.0
   56.859200   -3.3080996070401D-01     0.0
   56.919200   -3.3081002330114D-01     0.0
   56.979200   -3.3081008550367D-01     0.0
   57.039200   -3.3081014731452D-01     0.0
   57.099200   -3.3081020873654D-01     0.0
   57.159200   -3.3081026977259D-01     0.0
   57.219200   -3.3081033042551D-01     0.0
   57.279200   -3.3081039069808D-01     0.0
   57.339200   -3.3081045059310D-01     0.0
   57.399200   -3.3081051011330D-01     0.0
   57.459200   -3.3081056926146D-01     0.0
   57.519200   -3.3081062804023D-01     0.0
   57.579200   -3.3081068645233D-01     0.0
   57.639200   -3.3081074450044D-01     0.0
   57.699200   -3.3081080218719D-01     0.0
   57.759200   -3.3081085951517D-01     0.0
   57.819200   -3.3081091648704D-01     0.0
   57.879200   -3.3081097310533D-01     0.0
   57.939200   -3.3081102937262D-01     0.0
   57.999200   -3.3081108529145D-01     0.0
   58.059200   -3.3081114086432D-01     0.0
   58.119200   -3.3081119609371D-01     0.0
   58.179200   -3.3081125098213D-01     0.0
   58.239200   -3.3081130553203D-01     0.0
   58.299200   -3.3081135974581D-01     0.0
   58.359200   -3.3081141362591D-01     0.0
   58.419200   -3.3081146717473D-01     0.0
   58.479200   -3.3081152039463D-01     0.0
   58.539200   -3.3081157328794D-01     0.0
   58.599200   -3.3081162585705D-01     0.0
   58.659200   -3.3081167810423D-01     0.0
   58.719200   -3.3081173003181D-01     0.0
   58.779200   -3.3081178164205D-01     0.0
   58.839200   -3.3081183293721D-01     0.0
   58.899200   -3.3081188391953D-01     0.0
   58.959200   -3.3081193459125D-01     0.0
   59.019200   -3.3081198495456D-01     0.0
   59.079200   -3.3081203501164D-01     0.0
   59.139200   -3.3081208476468D-01     0.0
   59.199200   -3.3081213421583D-01     0.0
   59.259200   -3.3081218336721D-01     0.0
   59.319200   -3.3081223222095D-01     0.0
   59.379200   -3.3081228077916D-01     0.0
   59.439200   -3.3081232904390D-01     0.0
   59.499200   -3.3081237701724D-01     0.0
   59.559200   -3.3081242470125D-01     0.0
   59.619200   -3.3081247209796D-01     0.0
   59.679200   -3.3081251920936D-01     0.0
   59.739200   -3.3081256603749D-01     0.0
   59.799200   -3.3081261258430D-01     0.0
   59.859200   -3.3081265885178D-01     0.0
   59.919200   -3.3081270484189D-01     0.0
   59.979200   -3.3081275055655D-01     0.0
   60.039200   -3.3081279599769D-01     0.0
   60.099200   -3.3081284116721D-01     0.0
   60.159200   -3.3081288606703D-01     0.0
   60.219200   -3.3081293069898D-01     0.0
   60.279200   -3.3081297506495D-01     0.0
   60.339200   -3.3081301916682D-01     0.0
   60.399200   -3.3081306300635D-01     0.0
   60.459200   -3.3081310658542D-01     0.0
   60.519200   -3.3081314990580D-01     0.0
   60.579200   -3.3081319296930D-01     0.0
   60.639200   -3.3081323577767D-01     0.0
   60.699200   -3.3081327833270D-01     0.0
   60.759200   -3.3081332063612D-01     0.0
   60.819200   -3.3081336268967D-01     0.0
   60.879200   -3.3081340449506D-01     0.0
   60.939200   -3.3081344605402D-01     0.0
   60.999200   -3.3081348736823D-01     0.0
   61.059200   -3.3081352843937D-01     0.0
   61.119200   -3.3081356926909D-01     0.0
   61.179200   -3.3081360985906D-01     0.0
   61.239200   -3.3081365021092D-01     0.0
   61.299200   -3.3081369032630D-01     0.0
   61.359200   -3.3081373020681D-01     0.0
   61.419200   -3.3081376985407D-01     0.0
   61.479200   -3.3081380926965D-01     0.0
   61.539200   -3.3081384845512D-01     0.0
   61.599200   -3.3081388741207D-01     0.0
   61.659200   -3.3081392614205D-01     0.0
   61.719200   -3.3081396464657D-01     0.0
   61.779200   -3.3081400292720D-01     0.0
   61.839200   -3.3081404098543D-01     0.0
   61.899200   -3.3081407882279D-01     0.0
   61.959200   -3.3081411644076D-01     0.0
   62.019200   -3.3081415384080D-01     0.0
   62.079200   -3.3081419102443D-01     0.0
   62.139200   -3.3081422799307D-01     0.0
   62.199200   -3.3081426474819D-01     0.0
   62.259200   -3.3081430129122D-01     0.0
   62.319200   -3.3081433762356D-01     0.0
   62.379200   -3.3081437374668D-01     0.0
   62.439200   -3.3081440966196D-01     0.0
   62.499200   -3.3081444537076D-01     0.0
   62.559200   -3.3081448087453D-01     0.0
   62.619200   -3.3081451617460D-01     0.0
   62.679200   -3.3081455127232D-01     0.0
   62.739200   -3.3081458616905D-01     0.0
   62.799200   -3.3081462086617D-01     0.0
   62.859200   -3.3081465536496D-01     0.0
   62.919200   -3.3081468966678D-01     0.0
   62.979200   -3.3081472377291D-01     0.0
   63.039200   -3.3081475768469D-01     0.0
   63.099200   -3.3081479140336D-01     0.0
   63.159200   -3.3081482493024D-01     0.0
   63.219200   -3.3081485826658D-01     0.0
   63.279200   -3.3081489141364D-01     0.0
   63.339200   -3.3081492437271D-01     0.0
   63.399200   -3.3081495714498D-01     0.0
   63.459200   -3.3081498973174D-01     0.0
   63.519200   -3.3081502213417D-01     0.0
   63.579200   -3.3081505435350D-01     0.0
   63.639200   -3.3081508639092D-01     0.0
   63.699200   -3.3081511824766D-01     0.0
   63.759200   -3.3081514992490D-01     0.0
   63.819200   -3.3081518142378D-01     0.0
   63.879200   -3.3081521274552D-01     0.0
   63.939200   -3.3081524389125D-01     0.0
   63.999200   -3.3081527486214D-01     0.0
   64.059200   -3.3081530565928D-01     0.0
   64.119200   -3.3081533628390D-01     0.0
   64.179200   -3.3081536673708D-01     0.0
   64.239200   -3.3081539701995D-01     0.0
   64.299200   -3.3081542713358D-01     0.0
   64.359200   -3.3081545707913D-01     0.0
   64.419200   -3.3081548685764D-01     0.0
   64.479200   -3.3081551647024D-01     0.0
   64.539200   -3.3081554591796D-01     0.0
   64.599200   -3.3081557520194D-01     0.0
   64.659200   -3.3081560432317D-01     0.0
   64.719200   -3.3081563328274D-01     0.0
   64.779200   -3.3081566208168D-01     0.0
   64.839200   -3.3081569072104D-01     0.0
   64.899200   -3.3081571920187D-01     0.0
   64.959200   -3.3081574752514D-01     0.0
   65.019200   -3.3081577569191D-01     0.0
   65.079200   -3.3081580370319D-01     0.0
   65.139200   -3.3081583155995D-01     0.0
   65.199200   -3.3081585926320D-01     0.0
   65.259200   -3.3081588681391D-01     0.0
   65.319200   -3.3081591421310D-01     0.0
   65.379200   -3.3081594146170D-01     0.0
   65.439200   -3.3081596856071D-01     0.0
   65.499200   -3.3081599551103D-01     0.0
   65.559200   -3.3081602231367D-01     0.0
   65.619200   -3.3081604896956D-01     0.0
   65.679200   -3.3081607547961D-01     0.0
   65.739200   -3.3081610184478D-01     0.0
   65.799200   -3.3081612806598D-01     0.0
   65.859200   -3.3081615414412D-01     0.0
   65.919200   -3.3081618008012D-01     0.0
   65.979200   -3.3081620587487D-01     0.0
   66.039200   -3.3081623152930D-01     0.0
   66.099200   -3.3081625704425D-01     0.0
   66.159200   -3.3081628242064D-01     0.0
   66.219200   -3.3081630765934D-01     0.0
   66.279200   -3.3081633276122D-01     0.0
   66.339200   -3.3081635772714D-01     0.0
   66.399200   -3.3081638255795D-01     0.0
   66.459200   -3.3081640725452D-01     0.0
   66.519200   -3.3081643181770D-01     0.0
   66.579200   -3.3081645624830D-01     0.0
   66.639200   -3.3081648054719D-01     0.0
   66.699200   -3.3081650471517D-01     0.0
   66.759200   -3.3081652875308D-01     0.0
   66.819200   -3.3081655266171D-01     0.0
   66.879200   -3.3081657644190D-01     0.0
   66.939200   -3.3081660009446D-01     0.0
   66.999200   -3.3081662362015D-01     0.0
   67.059200   -3.3081664701979D-01     0.0
   67.119200   -3.3081667029415D-01     0.0
   67.179200   -3.3081669344405D-01     0.0
   67.239200   -3.3081671647021D-01     0.0
   67.299200   -3.3081673937345D-01     0.0
   67.359200   -3.3081676215451D-01     0.0
   67.419200   -3.3081678481415D-01     0.0
   67.479200   -3.3081680735314D-01     0.0
   67.539200   -3.3081682977221D-01     0.0
   67.599200   -3.3081685207211D-01     0.0
   67.659200   -3.3081687425358D-01     0.0
   67.719200   -3.3081689631735D-01     0.0
   67.779200   -3.3081691826417D-01     0.0
   67.839200   -3.3081694009472D-01     0.0
   67.899200   -3.3081696180976D-01     0.0
   67.959200   -3.3081698340996D-01     0.0
   68.019200   -3.3081700489608D-01     0.0
   68.079200   -3.3081702626878D-01     0.0
   68.139200   -3.3081704752877D-01     0.0
   68.199200   -3.3081706867675D-01     0.0
   68.259200   -3.3081708971339D-01     0.0
   68.319200   -3.3081711063941D-01     0.0
   68.379200   -3.3081713145544D-01     0.0
   68.439200   -3.3081715216219D-01     0.0
   68.499200   -3.3081717276033D-01     0.0
   68.559200   -3.3081719325048D-01     0.0
   68.619200   -3.3081721363335D-01     0.0
   68.679200   -3.3081723390957D-01     0.0
   68.739200   -3.3081725407979D-01     0.0
   68.799200   -3.3081727414467D-01     0.0
   68.859200   -3.3081729410485D-01     0.0
   68.919200   -3.3081731396095D-01     0.0
   68.979200   -3.3081733371361D-01     0.0
   69.039200   -3.3081735336347D-01     0.0
   69.099200   -3.3081737291113D-01     0.0
   69.159200   -3.3081739235723D-01     0.0
   69.219200   -3.3081741170239D-01     0.0
   69.279200   -3.3081743094719D-01     0.0
   69.339200   -3.3081745009227D-01     0.0
   69.399200   -3.3081746913820D-01     0.0
   69.459200   -3.3081748808563D-01     0.0
   69.519200   -3.3081750693509D-01     0.0
   69.579200   -3.3081752568722D-01     0.0
   69.639200   -3.3081754434258D-01     0.0
   69.699200   -3.3081756290176D-01     0.0
   69.759200   -3.3081758136534D-01     0.0
   69.819200   -3.3081759973388D-01     0.0
   69.879200   -3.3081761800797D-01     0.0
   69.939200   -3.3081763618818D-01     0.0
   69.999200   -3.3081765427503D-01     0.0
   70.059200   -3.3081767226912D-01     0.0
   70.119200   -3.3081769017101D-01     0.0
   70.179200   -3.3081770798121D-01     0.0
   70.239200   -3.3081772570030D-01     0.0
   70.299200   -3.3081774332882D-01     0.0
   70.359200   -3.3081776086731D-01     0.0
   70.419200   -3.3081777831629D-01     0.0
   70.479200   -3.3081779567630D-01     0.0
   70.539200   -3.3081781294788D-01     0.0
   70.599200   -3.3081783013154D-01     0.0
   70.659200   -3.3081784722780D-01     0.0
   70.719200   -3.3081786423721D-01     0.0
   70.779200   -3.3081788116024D-01     0.0
   70.839200   -3.3081789799742D-01     0.0
   70.899200   -3.3081791474928D-01     0.0
   70.959200   -3.3081793141628D-01     0.0
   71.019200   -3.3081794799897D-01     0.0
   71.079200   -3.3081796449781D-01     0.0
   71.139200   -3.3081798091330D-01     0.0
   71.199200   -3.3081799724594D-01     0.0
   71.259200   -3.3081801349620D-01     0.0
   71.319200   -3.3081802966461D-01     0.0
   71.379200   -3.3081804575160D-01     0.0
   71.439200   -3.3081806175768D-01     0.0
   71.499200   -3.3081807768328D-01     0.0
   71.559200   -3.3081809352892D-01     0.0
   71.619200   -3.3081810929507D-01     0.0
   71.679200   -3.3081812498217D-01     0.0
   71.739200   -3.3081814059067D-01     0.0
   71.799200   -3.3081815612104D-01     0.0
   71.859200   -3.3081817157377D-01     0.0
   71.919200   -3.3081818694927D-01     0.0
   71.979200   -3.3081820224800D-01     0.0
   72.039200   -3.3081821747042D-01     0.0
   72.099200   -3.3081823261698D-01     0.0
   72.159200   -3.3081824768810D-01     0.0
   72.219200   -3.3081826268421D-01     0.0
   72.279200   -3.3081827760577D-01     0.0
   72.339200   -3.3081829245320D-01     0.0
   72.399200   -3.3081830722693D-01     0.0
   72.459200   -3.3081832192737D-01     0.0
   72.519200   -3.3081833655498D-01     0.0
   72.579200   -3.3081835111016D-01     0.0
   72.639200   -3.3081836559333D-01     0.0
   72.699200   -3.3081838000491D-01     0.0
   72.759200   -3.3081839434529D-01     0.0
   72.819200   -3.3081840861491D-01     0.0
   72.879200   -3.3081842281417D-01     0.0
   72.939200   -3.3081843694346D-01     0.0
   72.999200   -3.3081845100319D-01     0.0
   73.059200   -3.3081846499377D-01     0.0
   73.119200   -3.3081847891557D-01     0.0
   73.179200   -3.3081849276901D-01     0.0
   73.239200   -3.3081850655448D-01     0.0
   73.299200   -3.3081852027236D-01     0.0
   73.359200   -3.3081853392302D-01     0.0
   73.419200   -3.3081854750688D-01     0.0
   73.479200   -3.3081856102430D-01     0.0
   73.539200   -3.3081857447565D-01     0.0
   73.599200   -3.3081858786132D-01     0.0
   73.659200   -3.3081860118168D-01     0.0
   73.719200   -3.3081861443710D-01     0.0
   73.779200   -3.3081862762795D-01     0.0
   73.839200   -3.3081864075461D-01     0.0
   73.899200   -3.3081865381744D-01     0.0
   73.959200   -3.3081866681678D-01     0.0
   74.019200   -3.3081867975300D-01     0.0
   74.079200   -3.3081869262646D-01     0.0
   74.139200   -3.3081870543753D-01     0.0
   74.199200   -3.3081871818654D-01     0.0
   74.259200   -3.3081873087385D-01     0.0
   74.319200   -3.3081874349980D-01     0.0
   74.379200   -3.3081875606476D-01     0.0
   74.439200   -3.3081876856904D-01     0.0
   74.499200   -3.3081878101301D-01     0.0
   74.559200   -3.3081879339700D-01     0.0
   74.619200   -3.3081880572133D-01     0.0
   74.679200   -3.3081881798636D-01     0.0
   74.739200   -3.3081883019242D-01     0.0
   74.799200   -3.3081884233981D-01     0.0
   74.859200   -3.3081885442889D-01     0.0
   74.919200   -3.3081886645998D-01     0.0
   74.979200   -3.3081887843339D-01     0.0
   75.039200   -3.3081889034947D-01     0.0
   75.099200   -3.3081890220852D-01     0.0
   75.159200   -3.3081891401085D-01     0.0
   75.219200   -3.3081892575681D-01     0.0
   75.279200   -3.3081893744668D-01     0.0
   75.339200   -3.3081894908078D-01     0.0
   75.399200   -3.3081896065944D-01     0.0
   75.459200   -3.3081897218294D-01     0.0
   75.519200   -3.3081898365159D-01     0.0
   75.579200   -3.3081899506572D-01     0.0
   75.639200   -3.3081900642561D-01     0.0
   75.699200   -3.3081901773157D-01     0.0
   75.759200   -3.3081902898389D-01     0.0
   75.819200   -3.3081904018287D-01     0.0
   75.879200   -3.3081905132881D-01     0.0
   75.939200   -3.3081906242200D-01     0.0
   75.999200   -3.3081907346272D-01     0.0
   76.059200   -3.3081908445127D-01     0.0
   76.119200   -3.3081909538794D-01     0.0
   76.179200   -3.3081910627302D-01     0.0
   76.239200   -3.3081911710676D-01     0.0
   76.299200   -3.3081912788950D-01     0.0
   76.359200   -3.3081913862146D-01     0.0
   76.419200   -3.3081914930297D-01     0.0
   76.479200   -3.3081915993427D-01     0.0
   76.539200   -3.3081917051564D-01     0.0
   76.599200   -3.3081918104738D-01     0.0
   76.659200   -3.3081919152973D-01     0.0
   76.719200   -3.3081920196298D-01     0.0
   76.779200   -3.3081921234739D-01     0.0
   76.839200   -3.3081922268322D-01     0.0
   76.899200   -3.3081923297075D-01     0.0
   76.959200   -3.3081924321024D-01     0.0
   77.019200   -3.3081925340193D-01     0.0
   77.079200   -3.3081926354611D-01     0.0
   77.139200   -3.3081927364303D-01     0.0
   77.199200   -3.3081928369293D-01     0.0
   77.259200   -3.3081929369608D-01     0.0
   77.319200   -3.3081930365273D-01     0.0
   77.379200   -3.3081931356313D-01     0.0
   77.439200   -3.3081932342753D-01     0.0
   77.499200   -3.3081933324620D-01     0.0
   77.559200   -3.3081934301935D-01     0.0
   77.619200   -3.3081935274726D-01     0.0
   77.679200   -3.3081936243015D-01     0.0
   77.739200   -3.3081937206827D-01     0.0
   77.799200   -3.3081938166187D-01     0.0
   77.859200   -3.3081939121118D-01     0.0
   77.919200   -3.3081940071645D-01     0.0
   77.979200   -3.3081941017791D-01     0.0
   78.039200   -3.3081941959577D-01     0.0
   78.099200   -3.3081942897030D-01     0.0
   78.159200   -3.3081943830173D-01     0.0
   78.219200   -3.3081944759029D-01     0.0
   78.279200   -3.3081945683617D-01     0.0
   78.339200   -3.3081946603964D-01     0.0
   78.399200   -3.3081947520092D-01     0.0
   78.459200   -3.3081948432023D-01     0.0
   78.519200   -3.3081949339781D-01     0.0
   78.579200   -3.3081950243385D-01     0.0
   78.639200   -3.3081951142860D-01     0.0
   78.699200   -3.3081952038228D-01     0.0
   78.759200   -3.3081952929508D-01     0.0
   78.819200   -3.3081953816723D-01     0.0
   78.879200   -3.3081954699898D-01     0.0
   78.939200   -3.3081955579048D-01     0.0
   78.999200   -3.3081956454201D-01     0.0
   79.059200   -3.3081957325374D-01     0.0
   79.119200   -3.3081958192590D-01     0.0
   79.179200   -3.3081959055869D-01     0.0
   79.239200   -3.3081959915234D-01     0.0
   79.299200   -3.3081960770701D-01     0.0
   79.359200   -3.3081961622295D-01     0.0
   79.419200   -3.3081962470035D-01     0.0
   79.479200   -3.3081963313941D-01     0.0
   79.539200   -3.3081964154032D-01     0.0
   79.599200   -3.3081964990330D-01     0.0
   79.659200   -3.3081965822855D-01     0.0
   79.719200   -3.3081966651627D-01     0.0
   79.779200   -3.3081967476665D-01     0.0
   79.839200   -3.3081968297988D-01     0.0
   79.899200   -3.3081969115615D-01     0.0
   79.959200   -3.3081969929569D-01     0.0
   80.019200   -3.3081970739865D-01     0.0
   80.079200   -3.3081971546526D-01     0.0
   80.139200   -3.3081972349566D-01     0.0
   80.199200   -3.3081973149011D-01     0.0
   80.259200   -3.3081973944871D-01     0.0
   80.319200   -3.3081974737174D-01     0.0
   80.379200   -3.3081975525931D-01     0.0
   80.439200   -3.3081976311164D-01     0.0
   80.499200   -3.3081977092891D-01     0.0
   80.559200   -3.3081977871130D-01     0.0
   80.619200   -3.3081978645898D-01     0.0
   80.679200   -3.3081979417215D-01     0.0
   80.739200   -3.3081980185099D-01     0.0
   80.799200   -3.3081980949567D-01     0.0
   80.859200   -3.3081981710637D-01     0.0
   80.919200   -3.3081982468325D-01     0.0
   80.979200   -3.3081983222651D-01     0.0
   81.039200   -3.3081983973631D-01     0.0
   81.099200   -3.3081984721281D-01     0.0
   81.159200   -3.3081985465621D-01     0.0
   81.219200   -3.3081986206668D-01     0.0
   81.279200   -3.3081986944435D-01     0.0
   81.339200   -3.3081987678945D-01     0.0
   81.399200   -3.3081988410209D-01     0.0
   81.459200   -3.3081989138248D-01     0.0
   81.519200   -3.3081989863075D-01     0.0
   81.579200   -3.3081990584710D-01     0.0
   81.639200   -3.3081991303167D-01     0.0
   81.699200   -3.3081992018463D-01     0.0
   81.759200   -3.3081992730614D-01     0.0
   81.819200   -3.3081993439636D-01     0.0
   81.879200   -3.3081994145547D-01     0.0
   81.939200   -3.3081994848359D-01     0.0
   81.999200   -3.3081995548091D-01     0.0
   82.059200   -3.3081996244759D-01     0.0
   82.119200   -3.3081996938376D-01     0.0
   82.179200   -3.3081997628960D-01     0.0
   82.239200   -3.3081998316526D-01     0.0
   82.299200   -3.3081999001088D-01     0.0
   82.359200   -3.3081999682663D-01     0.0
   82.419200   -3.3082000361265D-01     0.0
   82.479200   -3.3082001036909D-01     0.0
   82.539200   -3.3082001709611D-01     0.0
   82.599200   -3.3082002379387D-01     0.0
   82.659200   -3.3082003046248D-01     0.0
   82.719200   -3.3082003710212D-01     0.0
   82.779200   -3.3082004371294D-01     0.0
   82.839200   -3.3082005029507D-01     0.0
   82.899200   -3.3082005684865D-01     0.0
   82.959200   -3.3082006337383D-01     0.0
   83.019200   -3.3082006987077D-01     0.0
   83.079200   -3.3082007633960D-01     0.0
   83.139200   -3.3082008278045D-01     0.0
   83.199200   -3.3082008919347D-01     0.0
   83.259200   -3.3082009557882D-01     0.0
   83.319200   -3.3082010193661D-01     0.0
   83.379200   -3.3082010826700D-01     0.0
   83.439200   -3.3082011457012D-01     0.0
   83.499200   -3.3082012084610D-01     0.0
   83.559200   -3.3082012709506D-01     0.0
   83.619200   -3.3082013331719D-01     0.0
   83.679200   -3.3082013951256D-01     0.0
   83.739200   -3.3082014568135D-01     0.0
   83.799200   -3.3082015182368D-01     0.0
   83.859200   -3.3082015793968D-01     0.0
   83.919200   -3.3082016402948D-01     0.0
   83.979200   -3.3082017009323D-01     0.0
   84.039200   -3.3082017613102D-01     0.0
   84.099200   -3.3082018214301D-01     0.0
   84.159200   -3.3082018812934D-01     0.0
   84.219200   -3.3082019409009D-01     0.0
   84.279200   -3.3082020002543D-01     0.0
   84.339200   -3.3082020593546D-01     0.0
   84.399200   -3.3082021182035D-01     0.0
   84.459200   -3.3082021768021D-01     0.0
   84.519200   -3.3082022351510D-01     0.0
   84.579200   -3.3082022932521D-01     0.0
   84.639200   -3.3082023511064D-01     0.0
   84.699200   -3.3082024087151D-01     0.0
   84.759200   -3.3082024660793D-01     0.0
   84.819200   -3.3082025232008D-01     0.0
   84.879200   -3.3082025800801D-01     0.0
   84.939200   -3.3082026367186D-01     0.0
   84.999200   -3.3082026931178D-01     0.0
   85.059200   -3.3082027492785D-01     0.0
   85.119200   -3.3082028052021D-01     0.0
   85.179200   -3.3082028608896D-01     0.0
   85.239200   -3.3082029163423D-01     0.0
   85.299200   -3.3082029715614D-01     0.0
   85.359200   -3.3082030265480D-01     0.0
   85.419200   -3.3082030813031D-01     0.0
   85.479200   -3.3082031358278D-01     0.0
   85.539200   -3.3082031901235D-01     0.0
   85.599200   -3.3082032441911D-01     0.0
   85.659200   -3.3082032980318D-01     0.0
   85.719200   -3.3082033516469D-01     0.0
   85.779200   -3.3082034050371D-01     0.0
   85.839200   -3.3082034582037D-01     0.0
   85.899200   -3.3082035111479D-01     0.0
   85.959200   -3.3082035638707D-01     0.0
   86.019200   -3.3082036163732D-01     0.0
   86.079200   -3.3082036686564D-01     0.0
   86.139200   -3.3082037207214D-01     0.0
   86.199200   -3.3082037725693D-01     0.0
   86.259200   -3.3082038242012D-01     0.0
   86.319200   -3.3082038756178D-01     0.0
   86.379200   -3.3082039268207D-01     0.0
   86.439200   -3.3082039778104D-01     0.0
   86.499200   -3.3082040285885D-01     0.0
   86.559200   -3.3082040791554D-01     0.0
   86.619200   -3.3082041295127D-01     0.0
   86.679200   -3.3082041796610D-01     0.0
   86.739200   -3.3082042296016D-01     0.0
   86.799200   -3.3082042793353D-01     0.0
   86.859200   -3.3082043288630D-01     0.0
   86.919200   -3.3082043781862D-01     0.0
   86.979200   -3.3082044273053D-01     0.0
   87.039200   -3.3082044762216D-01     0.0
   87.099200   -3.3082045249359D-01     0.0
   87.159200   -3.3082045734493D-01     0.0
   87.219200   -3.3082046217630D-01     0.0
   87.279200   -3.3082046698774D-01     0.0
   87.339200   -3.3082047177940D-01     0.0
   87.399200   -3.3082047655133D-01     0.0
   87.459200   -3.3082048130367D-01     0.0
   87.519200   -3.3082048603647D-01     0.0
   87.579200   -3.3082049074985D-01     0.0
   87.639200   -3.3082049544388D-01     0.0
   87.699200   -3.3082050011868D-01     0.0
   87.759200   -3.3082050477434D-01     0.0
   87.819200   -3.3082050941093D-01     0.0
   87.879200   -3.3082051402856D-01     0.0
   87.939200   -3.3082051862731D-01     0.0
   87.999200   -3.3082052320727D-01     0.0
   88.059200   -3.3082052776855D-01     0.0
   88.119200   -3.3082053231119D-01     0.0
   88.179200   -3.3082053683533D-01     0.0
   88.239200   -3.3082054134105D-01     0.0
   88.299200   -3.3082054582841D-01     0.0
   88.359200   -3.3082055029752D-01     0.0
   88.419200   -3.3082055474846D-01     0.0
   88.479200   -3.3082055918131D-01     0.0
   88.539200   -3.3082056359616D-01     0.0
   88.599200   -3.3082056799310D-01     0.0
   88.659200   -3.3082057237221D-01     0.0
   88.719200   -3.3082057673357D-01     0.0
   88.779200   -3.3082058107728D-01     0.0
   88.839200   -3.3082058540342D-01     0.0
   88.899200   -3.3082058971205D-01     0.0
   88.959200   -3.3082059400327D-01     0.0
   89.019200   -3.3082059827716D-01     0.0
   89.079200   -3.3082060253380D-01     0.0
   89.139200   -3.3082060677328D-01     0.0
   89.199200   -3.3082061099566D-01     0.0
   89.259200   -3.3082061520106D-01     0.0
   89.319200   -3.3082061938951D-01     0.0
   89.379200   -3.3082062356111D-01     0.0
   89.439200   -3.3082062771596D-01     0.0
   89.499200   -3.3082063185413D-01     0.0
   89.559200   -3.3082063597566D-01     0.0
   89.619200   -3.3082064008068D-01     0.0
   89.679200   -3.3082064416923D-01     0.0
   89.739200   -3.3082064824140D-01     0.0
   89.799200   -3.3082065229727D-01     0.0
   89.859200   -3.3082065633693D-01     0.0
   89.919200   -3.3082066036041D-01     0.0
   89.979200   -3.3082066436783D-01     0.0
   90.039200   -3.3082066835926D-01     0.0
   90.099200   -3.3082067233474D-01     0.0
   90.159200   -3.3082067629439D-01     0.0
   90.219200   -3.3082068023825D-01     0.0
   90.279200   -3.3082068416640D-01     0.0
   90.339200   -3.3082068807893D-01     0.0
   90.399200   -3.3082069197590D-01     0.0
   90.459200   -3.3082069585737D-01     0.0
   90.519200   -3.3082069972344D-01     0.0
   90.579200   -3.3082070357416D-01     0.0
   90.639200   -3.3082070740961D-01     0.0
   90.699200   -3.3082071122983D-01     0.0
   90.759200   -3.3082071503495D-01     0.0
   90.819200   -3.3082071882500D-01     0.0
   90.879200   -3.3082072260005D-01     0.0
   90.939200   -3.3082072636018D-01     0.0
   90.999200   -3.3082073010546D-01     0.0
   91.059200   -3.3082073383595D-01     0.0
   91.119200   -3.3082073755171D-01     0.0
   91.179200   -3.3082074125284D-01     0.0
   91.239200   -3.3082074493937D-01     0.0
   91.299200   -3.3082074861139D-01     0.0
   91.359200   -3.3082075226896D-01     0.0
   91.419200   -3.3082075591213D-01     0.0
   91.479200   -3.3082075954100D-01     0.0
   91.539200   -3.3082076315562D-01     0.0
   91.599200   -3.3082076675604D-01     0.0
   91.659200   -3.3082077034236D-01     0.0
   91.719200   -3.3082077391460D-01     0.0
   91.779200   -3.3082077747286D-01     0.0
   91.839200   -3.3082078101719D-01     0.0
   91.899200   -3.3082078454764D-01     0.0
   91.959200   -3.3082078806430D-01     0.0
   92.019200   -3.3082079156723D-01     0.0
   92.079200   -3.3082079505646D-01     0.0
   92.139200   -3.3082079853210D-01     0.0
   92.199200   -3.3082080199417D-01     0.0
   92.259200   -3.3082080544275D-01     0.0
   92.319200   -3.3082080887792D-01     0.0
   92.379200   -3.3082081229970D-01     0.0
   92.439200   -3.3082081570817D-01     0.0
   92.499200   -3.3082081910339D-01     0.0
   92.559200   -3.3082082248545D-01     0.0
   92.619200   -3.3082082585436D-01     0.0
   92.679200   -3.3082082921020D-01     0.0
   92.739200   -3.3082083255304D-01     0.0
   92.799200   -3.3082083588293D-01     0.0
   92.859200   -3.3082083919991D-01     0.0
   92.919200   -3.3082084250406D-01     0.0
   92.979200   -3.3082084579546D-01     0.0
   93.039200   -3.3082084907413D-01     0.0
   93.099200   -3.3082085234012D-01     0.0
   93.159200   -3.3082085559352D-01     0.0
   93.219200   -3.3082085883438D-01     0.0
   93.279200   -3.3082086206273D-01     0.0
   93.339200   -3.3082086527865D-01     0.0
   93.399200   -3.3082086848221D-01     0.0
   93.459200   -3.3082087167342D-01     0.0
   93.519200   -3.3082087485239D-01     0.0
   93.579200   -3.3082087801913D-01     0.0
   93.639200   -3.3082088117371D-01     0.0
   93.699200   -3.3082088431618D-01     0.0
   93.759200   -3.3082088744661D-01     0.0
   93.819200   -3.3082089056503D-01     0.0
   93.879200   -3.3082089367153D-01     0.0
   93.939200   -3.3082089676614D-01     0.0
   93.999200   -3.3082089984889D-01     0.0
   94.059200   -3.3082090291987D-01     0.0
   94.119200   -3.3082090597911D-01     0.0
   94.179200   -3.3082090902669D-01     0.0
   94.239200   -3.3082091206264D-01     0.0
   94.299200   -3.3082091508700D-01     0.0
   94.359200   -3.3082091809985D-01     0.0
   94.419200   -3.3082092110122D-01     0.0
   94.479200   -3.3082092409118D-01     0.0
   94.539200   -3.3082092706975D-01     0.0
   94.599200   -3.3082093003701D-01     0.0
   94.659200   -3.3082093299301D-01     0.0
   94.719200   -3.3082093593779D-01     0.0
   94.779200   -3.3082093887139D-01     0.0
   94.839200   -3.3082094179386D-01     0.0
   94.899200   -3.3082094470526D-01     0.0
   94.959200   -3.3082094760565D-01     0.0
   95.019200   -3.3082095049506D-01     0.0
   95.079200   -3.3082095337354D-01     0.0
   95.139200   -3.3082095624115D-01     0.0
   95.199200   -3.3082095909793D-01     0.0
   95.259200   -3.3082096194393D-01     0.0
   95.319200   -3.3082096477918D-01     0.0
   95.379200   -3.3082096760375D-01     0.0
   95.439200   -3.3082097041769D-01     0.0
   95.499200   -3.3082097322101D-01     0.0
   95.559200   -3.3082097601382D-01     0.0
   95.619200   -3.3082097879609D-01     0.0
   95.679200   -3.3082098156794D-01     0.0
   95.739200   -3.3082098432935D-01     0.0
   95.799200   -3.3082098708042D-01     0.0
   95.859200   -3.3082098982117D-01     0.0
   95.919200   -3.3082099255164D-01     0.0
   95.979200   -3.3082099527187D-01     0.0
   96.039200   -3.3082099798192D-01     0.0
   96.099200   -3.3082100068185D-01     0.0
   96.159200   -3.3082100337167D-01     0.0
   96.219200   -3.3082100605145D-01     0.0
   96.279200   -3.3082100872120D-01     0.0
   96.339200   -3.3082101138101D-01     0.0
   96.399200   -3.3082101403089D-01     0.0
   96.459200   -3.3082101667089D-01     0.0
   96.519200   -3.3082101930106D-01     0.0
   96.579200   -3.3082102192145D-01     0.0
   96.639200   -3.3082102453207D-01     0.0
   96.699200   -3.3082102713300D-01     0.0
   96.759200   -3.3082102972426D-01     0.0
   96.819200   -3.3082103230589D-01     0.0
   96.879200   -3.3082103487793D-01     0.0
   96.939200   -3.3082103744047D-01     0.0
   96.999200   -3.3082103999347D-01     0.0
   97.059200   -3.3082104253700D-01     0.0
   97.119200   -3.3082104507113D-01     0.0
   97.179200   -3.3082104759589D-01     0.0
   97.239200   -3.3082105011132D-01     0.0
   97.299200   -3.3082105261748D-01     0.0
   97.359200   -3.3082105511435D-01     0.0
   97.419200   -3.3082105760202D-01     0.0
   97.479200   -3.3082106008050D-01     0.0
   97.539200   -3.3082106254987D-01     0.0
   97.599200   -3.3082106501012D-01     0.0
   97.659200   -3.3082106746133D-01     0.0
   97.719200   -3.3082106990349D-01     0.0
   97.779200   -3.3082107233671D-01     0.0
   97.839200   -3.3082107476096D-01     0.0
   97.899200   -3.3082107717631D-01     0.0
   97.959200   -3.3082107958281D-01     0.0
   98.019200   -3.3082108198048D-01     0.0
   98.079200   -3.3082108436934D-01     0.0
   98.139200   -3.3082108674947D-01     0.0
   98.199200   -3.3082108912088D-01     0.0
   98.259200   -3.3082109148360D-01     0.0
   98.319200   -3.3082109383770D-01     0.0
   98.379200   -3.3082109618318D-01     0.0
   98.439200   -3.3082109852009D-01     0.0
   98.499200   -3.3082110084848D-01     0.0
   98.559200   -3.3082110316838D-01     0.0
   98.619200   -3.3082110547982D-01     0.0
   98.679200   -3.3082110778283D-01     0.0
   98.739200   -3.3082111007747D-01     0.0
   98.799200   -3.3082111236373D-01     0.0
   98.859200   -3.3082111464170D-01     0.0
   98.919200   -3.3082111691138D-01     0.0
   98.979200   -3.3082111917283D-01     0.0
   99.039200   -3.3082112142605D-01     0.0
   99.099200   -3.3082112367111D-01     0.0
   99.159200   -3.3082112590802D-01     0.0
   99.219200   -3.3082112813682D-01     0.0
   99.279200   -3.3082113035755D-01     0.0
   99.339200   -3.3082113257025D-01     0.0
   99.399200   -3.3082113477494D-01     0.0
   99.459200   -3.3082113697167D-01     0.0
   99.519200   -3.3082113916046D-01     0.0
   99.579200   -3.3082114134134D-01     0.0
   99.639200   -3.3082114351435D-01     0.0
   99.699200   -3.3082114567952D-01     0.0
   99.759200   -3.3082114783689D-01     0.0
   99.819200   -3.3082114998650D-01     0.0
   99.879200   -3.3082115212835D-01     0.0
   99.939200   -3.3082115426251D-01     0.0
   99.999200   -3.3082115638900D-01     0.0
