
    0.5000***************   87.566114
    0.5600***************   80.009248
    0.6200***************   71.463008
    0.6800***************   62.201088
    0.7400***************   52.574249
    0.8000***************   42.980825
    0.8600***************   33.827716
    0.9200***************   25.486931
    0.9800***************   18.254433
    1.0400***************   12.318363
    1.1000***************    7.742544
    1.1600209736193.14807    4.468358
    1.2200  4143478.67064    2.334519
    1.2800   337791.77941    1.110520
    1.3400    60511.34529    0.536863
    1.4000    14394.12118    0.364124
    1.4600     -253.54623    0.383850
    1.5200    -9790.02559    0.446840
    1.5800   -17687.09490    0.467702
    1.6400   -22957.77038    0.417696
    1.7000   -25449.11621    0.309976
    1.7600   -26128.33602    0.181961
    1.8200   -25941.29358    0.078938
    1.8800   -25316.31393    0.041572
    1.9400   -24224.86225    0.098354
    2.0000   -22387.11553    0.262707
    2.0600   -19550.75859    0.533664
    2.1200   -15814.01106    0.898740
    2.1800   -11726.94266    1.337741
    2.2400    -7996.62804    1.826573
    2.3000    -5086.24787    2.340465
    2.3600    -3080.64281    2.856354
    2.4200    -1817.17411    3.354411
    2.4800    -1066.11200    3.818800
    2.5400     -633.34772    4.237866
    2.6000     -386.42038    4.603908
    2.6600     -244.65551    4.912714
    2.7200     -161.84959    5.162975
    2.7800     -112.30575    5.355667
    2.8400      -81.84938    5.493472
    2.9000      -62.61654    5.580258
    2.9600      -50.17920    5.620639
    3.0200      -41.99273    5.619628
    3.0800      -36.56031    5.582356
    3.1400      -32.97961    5.513874
    3.2000      -30.69321    5.419006
    3.2600      -29.34833    5.302255
    3.3200      -28.71631    5.167743
    3.3800      -28.64506    5.019188
    3.4400      -29.03041    4.859894
    3.5000      -29.79818    4.692762
    3.5600      -30.89294    4.520311
    3.6200      -32.27052    4.344703
    3.6800      -33.89322    4.167773
    3.7400      -35.72660    3.991064
    3.8000      -37.73747    3.815852
    3.8600      -39.89265    3.643186
    3.9200      -42.15843    3.473909
    3.9800      -44.50039    3.308688
    4.0400      -46.88367    3.148038
    4.1000      -49.27336    2.992347
    4.1600      -51.63510    2.841888
    4.2200      -53.93580    2.696845
    4.2800      -56.14424    2.557323
    4.3400      -58.23176    2.423362
    4.4000      -60.17274    2.294950
    4.4600      -61.94510    2.172033
    4.5200      -63.53053    2.054519
    4.5800      -64.91471    1.942294
    4.6400      -66.08727    1.835217
    4.7000      -67.04176    1.733136
    4.7600      -67.77544    1.635885
    4.8200      -68.28899    1.543291
    4.8800      -68.58617    1.455175
    4.9400      -68.67344    1.371356
    5.0000      -68.55956    1.291654
    5.0600      -68.25518    1.215887
    5.1200      -67.77243    1.143880
    5.1800      -67.12452    1.075457
    5.2400      -66.32541    1.010449
    5.3000      -65.38948    0.948692
    5.3600      -64.33124    0.890026
    5.4200      -63.16510    0.834299
    5.4800      -61.90515    0.781362
    5.5400      -60.56499    0.731074
    5.6000      -59.15761    0.683300
    5.6600      -57.69529    0.637911
    5.7200      -56.18951    0.594782
    5.7800      -54.65094    0.553797
    5.8400      -53.08938    0.514844
    5.9000      -51.51376    0.477816
    5.9600      -49.93218    0.442612
    6.0200      -48.35190    0.409137
    6.0800      -46.77938    0.377300
    6.1400      -45.22031    0.347014
    6.2000      -43.67968    0.318199
    6.2600      -42.16179    0.290776
    6.3200      -40.67033    0.264673
    6.3800      -39.20842    0.239821
    6.4400      -37.77863    0.216154
    6.5000      -36.38309    0.193610
    6.5600      -35.02346    0.172131
    6.6200      -33.70103    0.151662
    6.6800      -32.41674    0.132150
    6.7400      -31.17123    0.113546
    6.8000      -29.96486    0.095803
    6.8600      -28.79775    0.078877
    6.9200      -27.66981    0.062726
    6.9800      -26.58079    0.047311
    7.0400      -25.53026    0.032594
    7.1000      -24.51767    0.018541
    7.1600      -23.54237    0.005117
    7.2200      -22.60361   -0.007709
    7.2800      -21.70055   -0.019966
    7.3400      -20.83233   -0.031683
    7.4000      -19.99800   -0.042886
    7.4600      -19.19661   -0.053602
    7.5200      -18.42715   -0.063853
    7.5800      -17.68862   -0.073662
    7.6400      -16.98001   -0.083051
    7.7000      -16.30030   -0.092041
    7.7600      -15.64848   -0.100649
    7.8200      -15.02353   -0.108895
    7.8800      -14.42447   -0.116796
    7.9400      -13.85032   -0.124368
    8.0000      -13.30013   -0.131627
    8.0600      -12.77295   -0.138587
    8.1200      -12.26788   -0.145262
    8.1800      -11.78402   -0.151665
    8.2400      -11.32051   -0.157810
    8.3000      -10.87651   -0.163707
    8.3600      -10.45122   -0.169369
    8.4200      -10.04385   -0.174805
    8.4800       -9.65364   -0.180027
    8.5400       -9.27987   -0.185043
    8.6000       -8.92183   -0.189863
    8.6600       -8.57885   -0.194496
    8.7200       -8.25028   -0.198950
    8.7800       -7.93549   -0.203232
    8.8400       -7.63389   -0.207351
    8.9000       -7.34490   -0.211314
    8.9600       -7.06797   -0.215127
    9.0200       -6.80257   -0.218796
    9.0800       -6.54820   -0.222328
    9.1400       -6.30438   -0.225729
    9.2000       -6.07064   -0.229005
    9.2600       -5.84654   -0.232160
    9.3200       -5.63166   -0.235199
    9.3800       -5.42558   -0.238128
    9.4400       -5.22794   -0.240952
    9.5000       -5.03834   -0.243673
    9.5600       -4.85645   -0.246298
    9.6200       -4.68193   -0.248829
    9.6800       -4.51445   -0.251271
    9.7400       -4.35370   -0.253626
    9.8000       -4.19940   -0.255899
    9.8600       -4.05125   -0.258093
    9.9200       -3.90901   -0.260212
    9.9800       -3.77240   -0.262257

variables = "r", "V(r) ", "Uncertainty"
zone T = "State 1 V(r)   2p3rRe              "

    0.001200    1.2895879563398+106     0.0
    0.007200    3.6034885101573+104     0.0
    0.013200    1.0777565780581+104     0.0
    0.019200    5.1149347030094+103     0.0
    0.025200    2.9764384881312+103     0.0
    0.031200    1.9422874191740+103     0.0
    0.037200    1.3630711909881+103     0.0
    0.043200    1.0052254502356+103     0.0
    0.049200    7.6799766591541+102     0.0
    0.055200    6.0213164353505+102     0.0
    0.061200    4.8123192891634+102     0.0
    0.067200    3.9012379068139+102     0.0
    0.073200    3.1958507882384+102     0.0
    0.079200    2.6375335672020+102     0.0
    0.085200    2.1876060047141+102     0.0
    0.091200    1.8197310060791+102     0.0
    0.097200    1.5154799622812+102     0.0
    0.103200    1.2616398786747+102     0.0
    0.109200    1.0485209257789+102     0.0
    0.115200    8.6886077861756+101     0.0
    0.121200    7.1709723349868+101     0.0
    0.127200    5.8887521153151+101     0.0
    0.133200    4.8070723321893+101     0.0
    0.139200    3.8973703080151+101     0.0
    0.145200    3.1357409209130+101     0.0
    0.151200    2.5017792335668+101     0.0
    0.157200    1.9777762788920+101     0.0
    0.163200    1.5481670591537+101     0.0
    0.169200    1.1991577994596+101     0.0
    0.175200    9.1847831280945+100     0.0
    0.181200    6.9521859056140+100     0.0
    0.187200    5.1971861603905+100     0.0
    0.193200    3.8348820292184+100     0.0
    0.199200    2.7914010422947+100     0.0
    0.205200    2.0032507869708+100     0.0
    0.211200    1.4166217685303+100     0.0
    0.217200    9.8661242590870D+99     0.0
    0.223200    6.7637502272537D+99     0.0
    0.229200    4.5620129734225D+99     0.0
    0.235200    3.0257871231000D+99     0.0
    0.241200    1.9725280470908D+99     0.0
    0.247200    1.2632987780167D+99     0.0
    0.253200    7.9448762460597D+98     0.0
    0.259200    4.9042367740544D+98     0.0
    0.265200    2.9700856288616D+98     0.0
    0.271200    1.7639844315091D+98     0.0
    0.277200    1.0269960141562D+98     0.0
    0.283200    5.8588996151783D+97     0.0
    0.289200    3.2739106797705D+97     0.0
    0.295200    1.7912510362836D+97     0.0
    0.301200    9.5923634393698D+96     0.0
    0.307200    5.0259761042904D+96     0.0
    0.313200    2.5756830861121D+96     0.0
    0.319200    1.2906213891408D+96     0.0
    0.325200    6.3212458066373D+95     0.0
    0.331200    3.0253298260884D+95     0.0
    0.337200    1.4144378428698D+95     0.0
    0.343200    6.4582835118675D+94     0.0
    0.349200    2.8791199441347D+94     0.0
    0.355200    1.2528687615202D+94     0.0
    0.361200    5.3205303942703D+93     0.0
    0.367200    2.2045243543863D+93     0.0
    0.373200    8.9104471287800D+92     0.0
    0.379200    3.5126086743476D+92     0.0
    0.385200    1.3503115220667D+92     0.0
    0.391200    5.0611327062881D+91     0.0
    0.397200    1.8493288728592D+91     0.0
    0.403200    6.5869450012104D+90     0.0
    0.409200    2.2867357696599D+90     0.0
    0.415200    7.7370704412855D+89     0.0
    0.421200    2.5511758396823D+89     0.0
    0.427200    8.1976696805321D+88     0.0
    0.433200    2.5669528842558D+88     0.0
    0.439200    7.8329009961770D+87     0.0
    0.445200    2.3292337418012D+87     0.0
    0.451200    6.7500409541414D+86     0.0
    0.457200    1.9064645342030D+86     0.0
    0.463200    5.2482573826180D+85     0.0
    0.469200    1.4083473433687D+85     0.0
    0.475200    3.6843941081835D+84     0.0
    0.481200    9.3982438136760D+83     0.0
    0.487200    2.3378881145435D+83     0.0
    0.493200    5.6725540017389D+82     0.0
    0.499200    1.3427726605451D+82     0.0
    0.500000    1.1060128502478D+82  1.220D+84
    0.560000    1.6198394286986D+75  1.636D+77
    0.620000    2.9962037653937D+67  2.707D+69
    0.680000    1.2397803764108D+59  9.760D+60
    0.740000    2.4392214512055D+50  1.623D+52
    0.800000    5.4624335567031D+41  2.967D+43
    0.860000    3.4284798549309D+33  1.460D+35
    0.920000    1.3729192975775D+26  4.372D+27
    0.980000    6.6452574885273D+19  1.498D+21
    1.040000    5.6450968957195D+14  8.437D+15
    1.100000    8.9870552489651D+10  8.219D+11
    1.160000    2.0973619314807D+08  1.070D+09
    1.220000    4.1434786706449D+06  1.089D+07
    1.280000    3.3779177941250D+05  4.346D+05
    1.340000    6.0511345288552D+04  3.326D+04
    1.400000    1.4394121181931D+04  1.740D+03
    1.460000   -2.5354622539055D+02  1.459D+03
    1.520000   -9.7900255893891D+03  1.213D+03
    1.580000   -1.7687094901507D+04  1.111D+03
    1.640000   -2.2957770379038D+04  1.030D+03
    1.700000   -2.5449116213953D+04  9.787D+02
    1.760000   -2.6128336018694D+04  8.601D+02
    1.820000   -2.5941293575943D+04  8.554D+02
    1.880000   -2.5316313929970D+04  8.699D+02
    1.940000   -2.4224862245818D+04  8.328D+02
    2.000000   -2.2387115534920D+04  8.337D+02
    2.060000   -1.9550758589619D+04  8.981D+02
    2.120000   -1.5814011058777D+04  8.870D+02
    2.180000   -1.1726942659151D+04  8.139D+02
    2.240000   -7.9966280377241D+03  8.186D+02
    2.300000   -5.0862478665644D+03  8.443D+02
    2.360000   -3.0806428136059D+03  7.891D+02
    2.420000   -1.8171741098237D+03  6.629D+02
    2.480000   -1.0661119972604D+03  5.165D+02
    2.540000   -6.3334771657796D+02  3.855D+02
    2.600000   -3.8642037729929D+02  2.828D+02
    2.660000   -2.4465550952849D+02  2.079D+02
    2.720000   -1.6184959344826D+02  1.553D+02
    2.780000   -1.1230574939279D+02  1.188D+02
    2.840000   -8.1849380229091D+01  9.362D+01
    2.900000   -6.2616538137827D+01  7.618D+01
    2.960000   -5.0179198061036D+01  6.403D+01
    3.020000   -4.1992733551580D+01  5.553D+01
    3.080000   -3.6560312341952D+01  4.959D+01
    3.140000   -3.2979614761930D+01  4.547D+01
    3.200000   -3.0693208880958D+01  4.268D+01
    3.260000   -2.9348332875905D+01  4.088D+01
    3.320000   -2.8716309865942D+01  3.984D+01
    3.380000   -2.8645064975725D+01  3.937D+01
    3.440000   -2.9030405030113D+01  3.935D+01
    3.500000   -2.9798182095149D+01  3.967D+01
    3.560000   -3.0892936615425D+01  4.025D+01
    3.620000   -3.2270515511790D+01  4.102D+01
    3.680000   -3.3893216117436D+01  4.192D+01
    3.740000   -3.5726601337753D+01  4.288D+01
    3.800000   -3.7737469142260D+01  4.387D+01
    3.860000   -3.9892651639915D+01  4.482D+01
    3.920000   -4.2158427667829D+01  4.571D+01
    3.980000   -4.4500393724792D+01  4.649D+01
    4.040000   -4.6883672254782D+01  4.714D+01
    4.100000   -4.9273356352289D+01  4.762D+01
    4.160000   -5.1635103447000D+01  4.792D+01
    4.220000   -5.3935801728229D+01  4.802D+01
    4.280000   -5.6144244177271D+01  4.792D+01
    4.340000   -5.8231756899912D+01  4.762D+01
    4.400000   -6.0172740948942D+01  4.712D+01
    4.460000   -6.1945099490185D+01  4.642D+01
    4.520000   -6.3530534309747D+01  4.555D+01
    4.580000   -6.4914706621391D+01  4.451D+01
    4.640000   -6.6087266391892D+01  4.332D+01
    4.700000   -6.7041761642437D+01  4.200D+01
    4.760000   -6.7775444300387D+01  4.058D+01
    4.820000   -6.8288992248590D+01  3.907D+01
    4.880000   -6.8586168470892D+01  3.749D+01
    4.940000   -6.8673437934963D+01  3.587D+01
    5.000000   -6.8559561440895D+01  3.421D+01
    5.060000   -6.8255183451277D+01  3.254D+01
    5.120000   -6.7772428231311D+01  3.087D+01
    5.180000   -6.7124515743989D+01  2.921D+01
    5.240000   -6.6325405885726D+01  2.758D+01
    5.300000   -6.5389476974036D+01  2.598D+01
    5.360000   -6.4331242018029D+01  2.443D+01
    5.420000   -6.3165104274609D+01  2.293D+01
    5.480000   -6.1905151940503D+01  2.148D+01
    5.540000   -6.0564990545882D+01  2.010D+01
    5.600000   -5.9157610672973D+01  1.877D+01
    5.660000   -5.7695287983763D+01  1.751D+01
    5.720000   -5.6189512159614D+01  1.631D+01
    5.780000   -5.4650941185497D+01  1.518D+01
    5.840000   -5.3089377407655D+01  1.412D+01
    5.900000   -5.1513761914573D+01  1.311D+01
    5.960000   -4.9932184001017D+01  1.217D+01
    6.020000   -4.8351902743155D+01  1.128D+01
    6.080000   -4.6779378014401D+01  1.046D+01
    6.140000   -4.5220308586956D+01  9.684D+00
    6.200000   -4.3679675278252D+01  8.964D+00
    6.260000   -4.2161787403651D+01  8.294D+00
    6.320000   -4.0670331079516D+01  7.671D+00
    6.380000   -3.9208418179443D+01  7.092D+00
    6.440000   -3.7778634978610D+01  6.554D+00
    6.500000   -3.6383089726049D+01  6.056D+00
    6.560000   -3.5023458562558D+01  5.595D+00
    6.620000   -3.3701029354333D+01  5.168D+00
    6.680000   -3.2416743140843D+01  4.773D+00
    6.740000   -3.1171233002387D+01  4.407D+00
    6.800000   -2.9964860240218D+01  4.070D+00
    6.860000   -2.8797747832644D+01  3.758D+00
    6.920000   -2.7669811186135D+01  3.471D+00
    6.980000   -2.6580786243534D+01  3.205D+00
    7.040000   -2.5530255043740D+01  2.960D+00
    7.100000   -2.4517668850564D+01  2.734D+00
    7.160000   -2.3542368984421D+01  2.525D+00
    7.220000   -2.2603605500395D+01  2.333D+00
    7.280000   -2.1700553861323D+01  2.156D+00
    7.340000   -2.0832329755748D+01  1.992D+00
    7.400000   -1.9998002208909D+01  1.842D+00
    7.460000   -1.9196605130920D+01  1.703D+00
    7.520000   -1.8427147440718D+01  1.575D+00
    7.580000   -1.7688621897539D+01  1.456D+00
    7.640000   -1.6980012764182D+01  1.347D+00
    7.700000   -1.6300302418299D+01  1.247D+00
    7.760000   -1.5648477019798D+01  1.154D+00
    7.820000   -1.5023531334261D+01  1.069D+00
    7.880000   -1.4424472804258D+01  9.900D-01
    7.940000   -1.3850324952663D+01  9.172D-01
    8.000000   -1.3300130194663D+01  8.500D-01
    8.060000   -1.2772952128118D+01  7.880D-01
    8.120000   -1.2267877365308D+01  7.308D-01
    8.180000   -1.1784016962936D+01  6.779D-01
    8.240000   -1.1320507501567D+01  6.291D-01
    8.300000   -1.0876511860348D+01  5.839D-01
    8.360000   -1.0451219728066D+01  5.422D-01
    8.420000   -1.0043847887117D+01  5.036D-01
    8.480000   -9.6536403029673D+00  4.680D-01
    8.540000   -9.2798680479634D+00  4.350D-01
    8.600000   -8.9218290850829D+00  4.044D-01
    8.660000   -8.5788479341790D+00  3.762D-01
    8.720000   -8.2502752405903D+00  3.500D-01
    8.780000   -7.9354872635577D+00  3.258D-01
    8.840000   -7.6338852997221D+00  3.033D-01
    8.900000   -7.3448950550290D+00  2.825D-01
    8.960000   -7.0679659766399D+00  2.633D-01
    9.020000   -6.8025705549037D+00  2.454D-01
    9.080000   -6.5482036040751D+00  2.288D-01
    9.140000   -6.3043815292513D+00  2.134D-01
    9.200000   -6.0706415859243D+00  1.991D-01
    9.260000   -5.8465411375962D+00  1.858D-01
    9.320000   -5.6316569160737D+00  1.735D-01
    9.380000   -5.4255842883163D+00  1.621D-01
    9.440000   -5.2279365330763D+00  1.514D-01
    9.500000   -5.0383441299954D+00  1.415D-01
    9.560000   -4.8564540633395D+00  1.323D-01
    9.620000   -4.6819291421168D+00  1.238D-01
    9.680000   -4.5144473379565D+00  1.158D-01
    9.740000   -4.3537011417996D+00  1.084D-01
    9.800000   -4.1993969401789D+00  1.015D-01
    9.860000   -4.0512544116216D+00  9.505D-02
    9.920000   -3.9090059435067D+00  8.905D-02
    9.980000   -3.7723960695344D+00  8.346D-02
   10.059200   -3.6002931322196D+00     0.0
   10.119200   -3.4758443478978D+00     0.0
   10.179200   -3.3562663726451D+00     0.0
   10.239200   -3.2413502440137D+00     0.0
   10.299200   -3.1308964951217D+00     0.0
   10.359200   -3.0247147183119D+00     0.0
   10.419200   -2.9226231473374D+00     0.0
   10.479200   -2.8244482575518D+00     0.0
   10.539200   -2.7300243835560D+00     0.0
   10.599200   -2.6391933537364D+00     0.0
   10.659200   -2.5518041411203D+00     0.0
   10.719200   -2.4677125299690D+00     0.0
   10.779200   -2.3867807975247D+00     0.0
   10.839200   -2.3088774103352D+00     0.0
   10.899200   -2.2338767345819D+00     0.0
   10.959200   -2.1616587598463D+00     0.0
   11.019200   -2.0921088357623D+00     0.0
   11.079200   -2.0251174210109D+00     0.0
   11.139200   -1.9605798441296D+00     0.0
   11.199200   -1.8983960756213D+00     0.0
   11.259200   -1.8384705108668D+00     0.0
   11.319200   -1.7807117633545D+00     0.0
   11.379200   -1.7250324677646D+00     0.0
   11.439200   -1.6713490924544D+00     0.0
   11.499200   -1.6195817609147D+00     0.0
   11.559200   -1.5696540817776D+00     0.0
   11.619200   -1.5214929869772D+00     0.0
   11.679200   -1.4750285776783D+00     0.0
   11.739200   -1.4301939776050D+00     0.0
   11.799200   -1.3869251934166D+00     0.0
   11.859200   -1.3451609817922D+00     0.0
   11.919200   -1.3048427229044D+00     0.0
   11.979200   -1.2659142999691D+00     0.0
   12.039200   -1.2283219845820D+00     0.0
   12.099200   -1.1920143275567D+00     0.0
   12.159200   -1.1569420549996D+00     0.0
   12.219200   -1.1230579693634D+00     0.0
   12.279200   -1.0903168552385D+00     0.0
   12.339200   -1.0586753896475D+00     0.0
   12.399200   -1.0280920566248D+00     0.0
   12.459200   -9.9852706586863D-01     0.0
   12.519200   -9.6994227526736D-01     0.0
   12.579200   -9.4230111710840D-01     0.0
   12.639200   -9.1556852778953D-01     0.0
   12.699200   -8.8971088086003D-01     0.0
   12.759200   -8.6469592322810D-01     0.0
   12.819200   -8.4049271437897D-01     0.0
   12.879200   -8.1707156845581D-01     0.0
   12.939200   -7.9440399906272D-01     0.0
   12.999200   -7.7246266665650D-01     0.0
   13.059200   -7.5122132840007D-01     0.0
   13.119200   -7.3065479035715D-01     0.0
   13.179200   -7.1073886191343D-01     0.0
   13.239200   -6.9145031231572D-01     0.0
   13.299200   -6.7276682922547D-01     0.0
   13.359200   -6.5466697918855D-01     0.0
   13.419200   -6.3713016992818D-01     0.0
   13.479200   -6.2013661437215D-01     0.0
   13.539200   -6.0366729633045D-01     0.0
   13.599200   -5.8770393774328D-01     0.0
   13.659200   -5.7222896742355D-01     0.0
   13.719200   -5.5722549122177D-01     0.0
   13.779200   -5.4267726354481D-01     0.0
   13.839200   -5.2856866016349D-01     0.0
   13.899200   -5.1488465224720D-01     0.0
   13.959200   -5.0161078156685D-01     0.0
   14.019200   -4.8873313681033D-01     0.0
   14.079200   -4.7623833095738D-01     0.0
   14.139200   -4.6411347966372D-01     0.0
   14.199200   -4.5234618060643D-01     0.0
   14.259200   -4.4092449374506D-01     0.0
   14.319200   -4.2983692245542D-01     0.0
   14.379200   -4.1907239549482D-01     0.0
   14.439200   -4.0862024975963D-01     0.0
   14.499200   -3.9847021379833D-01     0.0
   14.559200   -3.8861239204446D-01     0.0
   14.619200   -3.7903724973601D-01     0.0
   14.679200   -3.6973559848937D-01     0.0
   14.739200   -3.6069858249753D-01     0.0
   14.799200   -3.5191766532348D-01     0.0
   14.859200   -3.4338461726154D-01     0.0
   14.919200   -3.3509150324046D-01     0.0
   14.979200   -3.2703067124336D-01     0.0
   15.039200   -3.1919474122099D-01     0.0
   15.099200   -3.1157659447563D-01     0.0
   15.159200   -3.0416936349447D-01     0.0
   15.219200   -2.9696642221182D-01     0.0
   15.279200   -2.8996137668098D-01     0.0
   15.339200   -2.8314805613706D-01     0.0
   15.399200   -2.7652050443344D-01     0.0
   15.459200   -2.7007297183485D-01     0.0
   15.519200   -2.6379990715127D-01     0.0
   15.579200   -2.5769595019748D-01     0.0
   15.639200   -2.5175592456364D-01     0.0
   15.699200   -2.4597483068325D-01     0.0
   15.759200   -2.4034783918528D-01     0.0
   15.819200   -2.3487028451797D-01     0.0
   15.879200   -2.2953765883230D-01     0.0
   15.939200   -2.2434560611393D-01     0.0
   15.999200   -2.1928991655245D-01     0.0
   16.059200   -2.1436652113799D-01     0.0
   16.119200   -2.0957148647495D-01     0.0
   16.179200   -2.0490100980371D-01     0.0
   16.239200   -2.0035141422122D-01     0.0
   16.299200   -1.9591914409198D-01     0.0
   16.359200   -1.9160076064109D-01     0.0
   16.419200   -1.8739293772185D-01     0.0
   16.479200   -1.8329245775021D-01     0.0
   16.539200   -1.7929620779909D-01     0.0
   16.599200   -1.7540117584578D-01     0.0
   16.659200   -1.7160444716600D-01     0.0
   16.719200   -1.6790320086830D-01     0.0
   16.779200   -1.6429470656308D-01     0.0
   16.839200   -1.6077632116044D-01     0.0
   16.899200   -1.5734548579160D-01     0.0
   16.959200   -1.5399972284862D-01     0.0
   17.019200   -1.5073663313768D-01     0.0
   17.079200   -1.4755389314105D-01     0.0
   17.139200   -1.4444925238335D-01     0.0
   17.199200   -1.4142053089781D-01     0.0
   17.259200   -1.3846561678841D-01     0.0
   17.319200   -1.3558246388403D-01     0.0
   17.379200   -1.3276908948073D-01     0.0
   17.439200   -1.3002357216878D-01     0.0
   17.499200   -1.2734404974079D-01     0.0
   17.559200   -1.2472871717782D-01     0.0
   17.619200   -1.2217582471028D-01     0.0
   17.679200   -1.1968367595062D-01     0.0
   17.739200   -1.1725062609489D-01     0.0
   17.799200   -1.1487508019049D-01     0.0
   17.859200   -1.1255549146747D-01     0.0
   17.919200   -1.1029035973081D-01     0.0
   17.979200   -1.0807822981129D-01     0.0
   18.039200   -1.0591769007266D-01     0.0
   18.099200   -1.0380737097289D-01     0.0
   18.159200   -1.0174594367739D-01     0.0
   18.219200   -9.9732118722060D-02     0.0
   18.279200   -9.7764644724452D-02     0.0
   18.339200   -9.5842307140943D-02     0.0
   18.399200   -9.3963927068282D-02     0.0
   18.459200   -9.2128360087744D-02     0.0
   18.519200   -9.0334495150249D-02     0.0
   18.579200   -8.8581253500904D-02     0.0
   18.639200   -8.6867587641415D-02     0.0
   18.699200   -8.5192480328964D-02     0.0
   18.759200   -8.3554943610143D-02     0.0
   18.819200   -8.1954017888611D-02     0.0
   18.879200   -8.0388771025217D-02     0.0
   18.939200   -7.8858297469344D-02     0.0
   18.999200   -7.7361717420321D-02     0.0
   19.059200   -7.5898176017750D-02     0.0
   19.119200   -7.4466842559692D-02     0.0
   19.179200   -7.3066909747657D-02     0.0
   19.239200   -7.1697592957411D-02     0.0
   19.299200   -7.0358129534638D-02     0.0
   19.359200   -6.9047778114536D-02     0.0
   19.419200   -6.7765817964480D-02     0.0
   19.479200   -6.6511548348876D-02     0.0
   19.539200   -6.5284287915434D-02     0.0
   19.599200   -6.4083374102032D-02     0.0
   19.659200   -6.2908162563460D-02     0.0
   19.719200   -6.1758026617292D-02     0.0
   19.779200   -6.0632356708221D-02     0.0
   19.839200   -5.9530559890161D-02     0.0
   19.899200   -5.8452059325504D-02     0.0
   19.959200   -5.7396293800895D-02     0.0
   20.019200   -5.6362717258945D-02     0.0
   20.079200   -5.5350798345311D-02     0.0
   20.139200   -5.4360019970588D-02     0.0
   20.199200   -5.3389878886508D-02     0.0
   20.259200   -5.2439885275908D-02     0.0
   20.319200   -5.1509562356010D-02     0.0
   20.379200   -5.0598445994533D-02     0.0
   20.439200   -4.9706084338176D-02     0.0
   20.499200   -4.8832037453063D-02     0.0
   20.559200   -4.7975876976710D-02     0.0
   20.619200   -4.7137185781121D-02     0.0
   20.679200   -4.6315557646636D-02     0.0
   20.739200   -4.5510596946138D-02     0.0
   20.799200   -4.4721918339285D-02     0.0
   20.859200   -4.3949146476403D-02     0.0
   20.919200   -4.3191915711719D-02     0.0
   20.979200   -4.2449869825610D-02     0.0
   21.039200   -4.1722661755562D-02     0.0
   21.099200   -4.1009953335543D-02     0.0
   21.159200   -4.0311415043495D-02     0.0
   21.219200   -3.9626725756695D-02     0.0
   21.279200   -3.8955572514679D-02     0.0
   21.339200   -3.8297650289522D-02     0.0
   21.399200   -3.7652661763183D-02     0.0
   21.459200   -3.7020317111708D-02     0.0
   21.519200   -3.6400333796053D-02     0.0
   21.579200   -3.5792436359295D-02     0.0
   21.639200   -3.5196356230042D-02     0.0
   21.699200   -3.4611831531815D-02     0.0
   21.759200   -3.4038606898217D-02     0.0
   21.819200   -3.3476433293690D-02     0.0
   21.879200   -3.2925067839686D-02     0.0
   21.939200   -3.2384273646072D-02     0.0
   21.999200   -3.1853819647580D-02     0.0
   22.059200   -3.1333480445175D-02     0.0
   22.119200   -3.0823036152139D-02     0.0
   22.179200   -3.0322272244750D-02     0.0
   22.239200   -2.9830979417387D-02     0.0
   22.299200   -2.9348953441933D-02     0.0
   22.359200   -2.8875995031330D-02     0.0
   22.419200   -2.8411909707145D-02     0.0
   22.479200   -2.7956507671041D-02     0.0
   22.539200   -2.7509603680003D-02     0.0
   22.599200   -2.7071016925217D-02     0.0
   22.659200   -2.6640570914478D-02     0.0
   22.719200   -2.6218093358018D-02     0.0
   22.779200   -2.5803416057646D-02     0.0
   22.839200   -2.5396374799086D-02     0.0
   22.899200   -2.4996809247439D-02     0.0
   22.959200   -2.4604562845631D-02     0.0
   23.019200   -2.4219482715797D-02     0.0
   23.079200   -2.3841419563470D-02     0.0
   23.139200   -2.3470227584518D-02     0.0
   23.199200   -2.3105764374727D-02     0.0
   23.259200   -2.2747890841950D-02     0.0
   23.319200   -2.2396471120753D-02     0.0
   23.379200   -2.2051372489462D-02     0.0
   23.439200   -2.1712465289562D-02     0.0
   23.499200   -2.1379622847351D-02     0.0
   23.559200   -2.1052721397798D-02     0.0
   23.619200   -2.0731640010528D-02     0.0
   23.679200   -2.0416260517877D-02     0.0
   23.739200   -2.0106467444944D-02     0.0
   23.799200   -1.9802147941592D-02     0.0
   23.859200   -1.9503191716323D-02     0.0
   23.919200   -1.9209490971993D-02     0.0
   23.979200   -1.8920940343286D-02     0.0
   24.039200   -1.8637436835918D-02     0.0
   24.099200   -1.8358879767499D-02     0.0
   24.159200   -1.8085170710016D-02     0.0
   24.219200   -1.7816213433895D-02     0.0
   24.279200   -1.7551913853567D-02     0.0
   24.339200   -1.7292179974529D-02     0.0
   24.399200   -1.7036921841833D-02     0.0
   24.459200   -1.6786051489962D-02     0.0
   24.519200   -1.6539482894070D-02     0.0
   24.579200   -1.6297131922518D-02     0.0
   24.639200   -1.6058916290695D-02     0.0
   24.699200   -1.5824755516069D-02     0.0
   24.759200   -1.5594570874442D-02     0.0
   24.819200   -1.5368285357364D-02     0.0
   24.879200   -1.5145823630686D-02     0.0
   24.939200   -1.4927111994207D-02     0.0
   24.999200   -1.4712078342387D-02     0.0
   25.059200   -1.4500652126100D-02     0.0
   25.119200   -1.4292764315395D-02     0.0
   25.179200   -1.4088347363224D-02     0.0
   25.239200   -1.3887335170134D-02     0.0
   25.299200   -1.3689663049875D-02     0.0
   25.359200   -1.3495267695901D-02     0.0
   25.419200   -1.3304087148749D-02     0.0
   25.479200   -1.3116060764261D-02     0.0
   25.539200   -1.2931129182628D-02     0.0
   25.599200   -1.2749234298236D-02     0.0
   25.659200   -1.2570319230286D-02     0.0
   25.719200   -1.2394328294171D-02     0.0
   25.779200   -1.2221206973587D-02     0.0
   25.839200   -1.2050901893356D-02     0.0
   25.899200   -1.1883360792946D-02     0.0
   25.959200   -1.1718532500661D-02     0.0
   26.019200   -1.1556366908490D-02     0.0
   26.079200   -1.1396814947593D-02     0.0
   26.139200   -1.1239828564407D-02     0.0
   26.199200   -1.1085360697352D-02     0.0
   26.259200   -1.0933365254130D-02     0.0
   26.319200   -1.0783797089587D-02     0.0
   26.379200   -1.0636611984135D-02     0.0
   26.439200   -1.0491766622711D-02     0.0
   26.499200   -1.0349218574262D-02     0.0
   26.559200   -1.0208926271741D-02     0.0
   26.619200   -1.0070848992596D-02     0.0
   26.679200   -9.9349468397517D-03     0.0
   26.739200   -9.8011807230482D-03     0.0
   26.799200   -9.6695123411506D-03     0.0
   26.859200   -9.5399041638954D-03     0.0
   26.919200   -9.4123194150736D-03     0.0
   26.979200   -9.2867220556353D-03     0.0
   27.039200   -9.1630767673051D-03     0.0
   27.099200   -9.0413489365971D-03     0.0
   27.159200   -8.9215046392189D-03     0.0
   27.219200   -8.8035106248542D-03     0.0
   27.279200   -8.6873343023152D-03     0.0
   27.339200   -8.5729437250531D-03     0.0
   27.399200   -8.4603075770175D-03     0.0
   27.459200   -8.3493951588592D-03     0.0
   27.519200   -8.2401763744607D-03     0.0
   27.579200   -8.1326217177929D-03     0.0
   27.639200   -8.0267022600830D-03     0.0
   27.699200   -7.9223896372922D-03     0.0
   27.759200   -7.8196560378885D-03     0.0
   27.819200   -7.7184741909117D-03     0.0
   27.879200   -7.6188173543218D-03     0.0
   27.939200   -7.5206593036210D-03     0.0
   27.999200   -7.4239743207472D-03     0.0
   28.059200   -7.3287371832271D-03     0.0
   28.119200   -7.2349231535851D-03     0.0
   28.179200   -7.1425079690002D-03     0.0
   28.239200   -7.0514678312062D-03     0.0
   28.299200   -6.9617793966262D-03     0.0
   28.359200   -6.8734197667385D-03     0.0
   28.419200   -6.7863664786656D-03     0.0
   28.479200   -6.7005974959827D-03     0.0
   28.539200   -6.6160911997377D-03     0.0
   28.599200   -6.5328263796806D-03     0.0
   28.659200   -6.4507822256931D-03     0.0
   28.719200   -6.3699383194176D-03     0.0
   28.779200   -6.2902746260772D-03     0.0
   28.839200   -6.2117714864827D-03     0.0
   28.899200   -6.1344096092246D-03     0.0
   28.959200   -6.0581700630410D-03     0.0
   29.019200   -5.9830342693606D-03     0.0
   29.079200   -5.9089839950151D-03     0.0
   29.139200   -5.8360013451168D-03     0.0
   29.199200   -5.7640687560972D-03     0.0
   29.259200   -5.6931689889036D-03     0.0
   29.319200   -5.6232851223480D-03     0.0
   29.379200   -5.5544005466068D-03     0.0
   29.439200   -5.4864989568658D-03     0.0
   29.499200   -5.4195643471078D-03     0.0
   29.559200   -5.3535810040389D-03     0.0
   29.619200   -5.2885335011508D-03     0.0
   29.679200   -5.2244066929150D-03     0.0
   29.739200   -5.1611857091061D-03     0.0
   29.799200   -5.0988559492509D-03     0.0
   29.859200   -5.0374030772012D-03     0.0
   29.919200   -4.9768130158252D-03     0.0
   29.979200   -4.9170719418166D-03     0.0
   30.039200   -4.8581662806187D-03     0.0
   30.099200   -4.8000827014585D-03     0.0
   30.159200   -4.7428081124905D-03     0.0
   30.219200   -4.6863296560467D-03     0.0
   30.279200   -4.6306347039901D-03     0.0
   30.339200   -4.5757108531699D-03     0.0
   30.399200   -4.5215459209742D-03     0.0
   30.459200   -4.4681279409813D-03     0.0
   30.519200   -4.4154451587032D-03     0.0
   30.579200   -4.3634860274221D-03     0.0
   30.639200   -4.3122392041169D-03     0.0
   30.699200   -4.2616935454766D-03     0.0
   30.759200   -4.2118381040003D-03     0.0
   30.819200   -4.1626621241796D-03     0.0
   30.879200   -4.1141550387648D-03     0.0
   30.939200   -4.0663064651082D-03     0.0
   30.999200   -4.0191062015872D-03     0.0
   31.059200   -3.9725442241035D-03     0.0
   31.119200   -3.9266106826555D-03     0.0
   31.179200   -3.8812958979845D-03     0.0
   31.239200   -3.8365903582913D-03     0.0
   31.299200   -3.7924847160222D-03     0.0
   31.359200   -3.7489697847227D-03     0.0
   31.419200   -3.7060365359576D-03     0.0
   31.479200   -3.6636760962958D-03     0.0
   31.539200   -3.6218797443576D-03     0.0
   31.599200   -3.5806389079249D-03     0.0
   31.659200   -3.5399451611106D-03     0.0
   31.719200   -3.4997902215879D-03     0.0
   31.779200   -3.4601659478764D-03     0.0
   31.839200   -3.4210643366853D-03     0.0
   31.899200   -3.3824775203109D-03     0.0
   31.959200   -3.3443977640888D-03     0.0
   32.019200   -3.3068174638976D-03     0.0
   32.079200   -3.2697291437155D-03     0.0
   32.139200   -3.2331254532251D-03     0.0
   32.199200   -3.1969991654692D-03     0.0
   32.259200   -3.1613431745542D-03     0.0
   32.319200   -3.1261504933995D-03     0.0
   32.379200   -3.0914142515342D-03     0.0
   32.439200   -3.0571276929375D-03     0.0
   32.499200   -3.0232841739241D-03     0.0
   32.559200   -2.9898771610712D-03     0.0
   32.619200   -2.9569002291891D-03     0.0
   32.679200   -2.9243470593313D-03     0.0
   32.739200   -2.8922114368461D-03     0.0
   32.799200   -2.8604872494663D-03     0.0
   32.859200   -2.8291684854379D-03     0.0
   32.919200   -2.7982492316866D-03     0.0
   32.979200   -2.7677236720208D-03     0.0
   33.039200   -2.7375860853697D-03     0.0
   33.099200   -2.7078308440584D-03     0.0
   33.159200   -2.6784524121157D-03     0.0
   33.219200   -2.6494453436163D-03     0.0
   33.279200   -2.6208042810560D-03     0.0
   33.339200   -2.5925239537586D-03     0.0
   33.399200   -2.5645991763150D-03     0.0
   33.459200   -2.5370248470524D-03     0.0
   33.519200   -2.5097959465345D-03     0.0
   33.579200   -2.4829075360901D-03     0.0
   33.639200   -2.4563547563720D-03     0.0
   33.699200   -2.4301328259428D-03     0.0
   33.759200   -2.4042370398893D-03     0.0
   33.819200   -2.3786627684638D-03     0.0
   33.879200   -2.3534054557513D-03     0.0
   33.939200   -2.3284606183634D-03     0.0
   33.999200   -2.3038238441574D-03     0.0
   34.059200   -2.2794907909801D-03     0.0
   34.119200   -2.2554571854356D-03     0.0
   34.179200   -2.2317188216779D-03     0.0
   34.239200   -2.2082715602257D-03     0.0
   34.299200   -2.1851113268007D-03     0.0
   34.359200   -2.1622341111881D-03     0.0
   34.419200   -2.1396359661188D-03     0.0
   34.479200   -2.1173130061734D-03     0.0
   34.539200   -2.0952614067068D-03     0.0
   34.599200   -2.0734774027932D-03     0.0
   34.659200   -2.0519572881919D-03     0.0
   34.719200   -2.0306974143320D-03     0.0
   34.779200   -2.0096941893171D-03     0.0
   34.839200   -1.9889440769481D-03     0.0
   34.899200   -1.9684435957651D-03     0.0
   34.959200   -1.9481893181073D-03     0.0
   35.019200   -1.9281778691905D-03     0.0
   35.079200   -1.9084059262021D-03     0.0
   35.139200   -1.8888702174125D-03     0.0
   35.199200   -1.8695675213047D-03     0.0
   35.259200   -1.8504946657184D-03     0.0
   35.319200   -1.8316485270114D-03     0.0
   35.379200   -1.8130260292358D-03     0.0
   35.439200   -1.7946241433304D-03     0.0
   35.499200   -1.7764398863274D-03     0.0
   35.559200   -1.7584703205742D-03     0.0
   35.619200   -1.7407125529697D-03     0.0
   35.679200   -1.7231637342141D-03     0.0
   35.739200   -1.7058210580739D-03     0.0
   35.799200   -1.6886817606586D-03     0.0
   35.859200   -1.6717431197129D-03     0.0
   35.919200   -1.6550024539197D-03     0.0
   35.979200   -1.6384571222176D-03     0.0
   36.039200   -1.6221045231301D-03     0.0
   36.099200   -1.6059420941074D-03     0.0
   36.159200   -1.5899673108799D-03     0.0
   36.219200   -1.5741776868235D-03     0.0
   36.279200   -1.5585707723371D-03     0.0
   36.339200   -1.5431441542306D-03     0.0
   36.399200   -1.5278954551244D-03     0.0
   36.459200   -1.5128223328599D-03     0.0
   36.519200   -1.4979224799203D-03     0.0
   36.579200   -1.4831936228620D-03     0.0
   36.639200   -1.4686335217565D-03     0.0
   36.699200   -1.4542399696422D-03     0.0
   36.759200   -1.4400107919856D-03     0.0
   36.819200   -1.4259438461531D-03     0.0
   36.879200   -1.4120370208911D-03     0.0
   36.939200   -1.3982882358168D-03     0.0
   36.999200   -1.3846954409167D-03     0.0
   37.059200   -1.3712566160547D-03     0.0
   37.119200   -1.3579697704893D-03     0.0
   37.179200   -1.3448329423986D-03     0.0
   37.239200   -1.3318441984143D-03     0.0
   37.299200   -1.3190016331636D-03     0.0
   37.359200   -1.3063033688196D-03     0.0
   37.419200   -1.2937475546592D-03     0.0
   37.479200   -1.2813323666291D-03     0.0
   37.539200   -1.2690560069190D-03     0.0
   37.599200   -1.2569167035434D-03     0.0
   37.659200   -1.2449127099289D-03     0.0
   37.719200   -1.2330423045108D-03     0.0
   37.779200   -1.2213037903349D-03     0.0
   37.839200   -1.2096954946676D-03     0.0
   37.899200   -1.1982157686123D-03     0.0
   37.959200   -1.1868629867320D-03     0.0
   38.019200   -1.1756355466793D-03     0.0
   38.079200   -1.1645318688324D-03     0.0
   38.139200   -1.1535503959372D-03     0.0
   38.199200   -1.1426895927563D-03     0.0
   38.259200   -1.1319479457229D-03     0.0
   38.319200   -1.1213239626019D-03     0.0
   38.379200   -1.1108161721559D-03     0.0
   38.439200   -1.1004231238179D-03     0.0
   38.499200   -1.0901433873681D-03     0.0
   38.559200   -1.0799755526181D-03     0.0
   38.619200   -1.0699182290989D-03     0.0
   38.679200   -1.0599700457553D-03     0.0
   38.739200   -1.0501296506449D-03     0.0
   38.799200   -1.0403957106426D-03     0.0
   38.859200   -1.0307669111497D-03     0.0
   38.919200   -1.0212419558082D-03     0.0
   38.979200   -1.0118195662204D-03     0.0
   39.039200   -1.0024984816721D-03     0.0
   39.099200   -9.9327745886161D-04     0.0
   39.159200   -9.8415527163264D-04     0.0
   39.219200   -9.7513071071204D-04     0.0
   39.279200   -9.6620258345175D-04     0.0
   39.339200   -9.5736971357516D-04     0.0
   39.399200   -9.4863094092775D-04     0.0
   39.459200   -9.3998512123182D-04     0.0
   39.519200   -9.3143112584542D-04     0.0
   39.579200   -9.2296784152522D-04     0.0
   39.639200   -9.1459417019334D-04     0.0
   39.699200   -9.0630902870814D-04     0.0
   39.759200   -8.9811134863864D-04     0.0
   39.819200   -8.9000007604297D-04     0.0
   39.879200   -8.8197417125017D-04     0.0
   39.939200   -8.7403260864577D-04     0.0
   39.999200   -8.6617437646096D-04     0.0
   40.059200   -8.5839847656504D-04     0.0
   40.119200   -8.5070392426153D-04     0.0
   40.179200   -8.4308974808738D-04     0.0
   40.239200   -8.3555498961572D-04     0.0
   40.299200   -8.2809870326161D-04     0.0
   40.359200   -8.2071995609119D-04     0.0
   40.419200   -8.1341782763374D-04     0.0
   40.479200   -8.0619140969697D-04     0.0
   40.539200   -7.9903980618523D-04     0.0
   40.599200   -7.9196213292072D-04     0.0
   40.659200   -7.8495751746752D-04     0.0
   40.719200   -7.7802509895861D-04     0.0
   40.779200   -7.7116402792558D-04     0.0
   40.839200   -7.6437346613118D-04     0.0
   40.899200   -7.5765258640443D-04     0.0
   40.959200   -7.5100057247855D-04     0.0
   41.019200   -7.4441661883146D-04     0.0
   41.079200   -7.3789993052874D-04     0.0
   41.139200   -7.3144972306924D-04     0.0
   41.199200   -7.2506522223306D-04     0.0
   41.259200   -7.1874566393207D-04     0.0
   41.319200   -7.1249029406278D-04     0.0
   41.379200   -7.0629836836140D-04     0.0
   41.439200   -7.0016915226151D-04     0.0
   41.499200   -6.9410192075378D-04     0.0
   41.559200   -6.8809595824792D-04     0.0
   41.619200   -6.8215055843696D-04     0.0
   41.679200   -6.7626502416348D-04     0.0
   41.739200   -6.7043866728821D-04     0.0
   41.799200   -6.6467080856045D-04     0.0
   41.859200   -6.5896077749066D-04     0.0
   41.919200   -6.5330791222515D-04     0.0
   41.979200   -6.4771155942247D-04     0.0
   42.039200   -6.4217107413205D-04     0.0
   42.099200   -6.3668581967453D-04     0.0
   42.159200   -6.3125516752403D-04     0.0
   42.219200   -6.2587849719232D-04     0.0
   42.279200   -6.2055519611465D-04     0.0
   42.339200   -6.1528465953759D-04     0.0
   42.399200   -6.1006629040836D-04     0.0
   42.459200   -6.0489949926603D-04     0.0
   42.519200   -5.9978370413442D-04     0.0
   42.579200   -5.9471833041658D-04     0.0
   42.639200   -5.8970281079100D-04     0.0
   42.699200   -5.8473658510930D-04     0.0
   42.759200   -5.7981910029560D-04     0.0
   42.819200   -5.7494981024747D-04     0.0
   42.879200   -5.7012817573823D-04     0.0
   42.939200   -5.6535366432095D-04     0.0
   42.999200   -5.6062575023388D-04     0.0
   43.059200   -5.5594391430715D-04     0.0
   43.119200   -5.5130764387120D-04     0.0
   43.179200   -5.4671643266633D-04     0.0
   43.239200   -5.4216978075387D-04     0.0
   43.299200   -5.3766719442847D-04     0.0
   43.359200   -5.3320818613188D-04     0.0
   43.419200   -5.2879227436808D-04     0.0
   43.479200   -5.2441898361950D-04     0.0
   43.539200   -5.2008784426472D-04     0.0
   43.599200   -5.1579839249729D-04     0.0
   43.659200   -5.1155017024583D-04     0.0
   43.719200   -5.0734272509533D-04     0.0
   43.779200   -5.0317561020959D-04     0.0
   43.839200   -4.9904838425491D-04     0.0
   43.899200   -4.9496061132487D-04     0.0
   43.959200   -4.9091186086626D-04     0.0
   44.019200   -4.8690170760609D-04     0.0
   44.079200   -4.8292973147976D-04     0.0
   44.139200   -4.7899551756022D-04     0.0
   44.199200   -4.7509865598826D-04     0.0
   44.259200   -4.7123874190380D-04     0.0
   44.319200   -4.6741537537821D-04     0.0
   44.379200   -4.6362816134766D-04     0.0
   44.439200   -4.5987670954740D-04     0.0
   44.499200   -4.5616063444710D-04     0.0
   44.559200   -4.5247955518707D-04     0.0
   44.619200   -4.4883309551550D-04     0.0
   44.679200   -4.4522088372652D-04     0.0
   44.739200   -4.4164255259930D-04     0.0
   44.799200   -4.3809773933793D-04     0.0
   44.859200   -4.3458608551231D-04     0.0
   44.919200   -4.3110723699977D-04     0.0
   44.979200   -4.2766084392765D-04     0.0
   45.039200   -4.2424656061668D-04     0.0
   45.099200   -4.2086404552522D-04     0.0
   45.159200   -4.1751296119422D-04     0.0
   45.219200   -4.1419297419314D-04     0.0
   45.279200   -4.1090375506654D-04     0.0
   45.339200   -4.0764497828145D-04     0.0
   45.399200   -4.0441632217558D-04     0.0
   45.459200   -4.0121746890621D-04     0.0
   45.519200   -3.9804810439986D-04     0.0
   45.579200   -3.9490791830269D-04     0.0
   45.639200   -3.9179660393156D-04     0.0
   45.699200   -3.8871385822592D-04     0.0
   45.759200   -3.8565938170021D-04     0.0
   45.819200   -3.8263287839717D-04     0.0
   45.879200   -3.7963405584160D-04     0.0
   45.939200   -3.7666262499494D-04     0.0
   45.999200   -3.7371830021048D-04     0.0
   46.059200   -3.7080079918909D-04     0.0
   46.119200   -3.6790984293576D-04     0.0
   46.179200   -3.6504515571662D-04     0.0
   46.239200   -3.6220646501669D-04     0.0
   46.299200   -3.5939350149811D-04     0.0
   46.359200   -3.5660599895905D-04     0.0
   46.419200   -3.5384369429319D-04     0.0
   46.479200   -3.5110632744979D-04     0.0
   46.539200   -3.4839364139421D-04     0.0
   46.599200   -3.4570538206920D-04     0.0
   46.659200   -3.4304129835655D-04     0.0
   46.719200   -3.4040114203937D-04     0.0
   46.779200   -3.3778466776485D-04     0.0
   46.839200   -3.3519163300766D-04     0.0
   46.899200   -3.3262179803368D-04     0.0
   46.959200   -3.3007492586444D-04     0.0
   47.019200   -3.2755078224188D-04     0.0
   47.079200   -3.2504913559374D-04     0.0
   47.139200   -3.2256975699938D-04     0.0
   47.199200   -3.2011242015604D-04     0.0
   47.259200   -3.1767690134566D-04     0.0
   47.319200   -3.1526297940206D-04     0.0
   47.379200   -3.1287043567867D-04     0.0
   47.439200   -3.1049905401666D-04     0.0
   47.499200   -3.0814862071351D-04     0.0
   47.559200   -3.0581892449206D-04     0.0
   47.619200   -3.0350975646990D-04     0.0
   47.679200   -3.0122091012932D-04     0.0
   47.739200   -2.9895218128750D-04     0.0
   47.799200   -2.9670336806729D-04     0.0
   47.859200   -2.9447427086829D-04     0.0
   47.919200   -2.9226469233831D-04     0.0
   47.979200   -2.9007443734532D-04     0.0
   48.039200   -2.8790331294968D-04     0.0
   48.099200   -2.8575112837683D-04     0.0
   48.159200   -2.8361769499029D-04     0.0
   48.219200   -2.8150282626512D-04     0.0
   48.279200   -2.7940633776160D-04     0.0
   48.339200   -2.7732804709943D-04     0.0
   48.399200   -2.7526777393217D-04     0.0
   48.459200   -2.7322533992208D-04     0.0
   48.519200   -2.7120056871527D-04     0.0
   48.579200   -2.6919328591719D-04     0.0
   48.639200   -2.6720331906853D-04     0.0
   48.699200   -2.6523049762130D-04     0.0
   48.759200   -2.6327465291539D-04     0.0
   48.819200   -2.6133561815533D-04     0.0
   48.879200   -2.5941322838741D-04     0.0
   48.939200   -2.5750732047712D-04     0.0
   48.999200   -2.5561773308690D-04     0.0
   49.059200   -2.5374430665410D-04     0.0
   49.119200   -2.5188688336940D-04     0.0
   49.179200   -2.5004530715532D-04     0.0
   49.239200   -2.4821942364523D-04     0.0
   49.299200   -2.4640908016246D-04     0.0
   49.359200   -2.4461412569976D-04     0.0
   49.419200   -2.4283441089911D-04     0.0
   49.479200   -2.4106978803165D-04     0.0
   49.539200   -2.3932011097798D-04     0.0
   49.599200   -2.3758523520874D-04     0.0
   49.659200   -2.3586501776532D-04     0.0
   49.719200   -2.3415931724098D-04     0.0
   49.779200   -2.3246799376211D-04     0.0
   49.839200   -2.3079090896980D-04     0.0
   49.899200   -2.2912792600165D-04     0.0
   49.959200   -2.2747890947375D-04     0.0
   50.019200   -2.2584372546300D-04     0.0
   50.079200   -2.2422224148958D-04     0.0
   50.139200   -2.2261432649972D-04     0.0
   50.199200   -2.2101985084862D-04     0.0
   50.259200   -2.1943868628368D-04     0.0
   50.319200   -2.1787070592786D-04     0.0
   50.379200   -2.1631578426331D-04     0.0
   50.439200   -2.1477379711527D-04     0.0
   50.499200   -2.1324462163603D-04     0.0
   50.559200   -2.1172813628922D-04     0.0
   50.619200   -2.1022422083431D-04     0.0
   50.679200   -2.0873275631122D-04     0.0
   50.739200   -2.0725362502521D-04     0.0
   50.799200   -2.0578671053192D-04     0.0
   50.859200   -2.0433189762268D-04     0.0
   50.919200   -2.0288907230986D-04     0.0
   50.979200   -2.0145812181260D-04     0.0
   51.039200   -2.0003893454257D-04     0.0
   51.099200   -1.9863140008999D-04     0.0
   51.159200   -1.9723540920980D-04     0.0
   51.219200   -1.9585085380807D-04     0.0
   51.279200   -1.9447762692845D-04     0.0
   51.339200   -1.9311562273898D-04     0.0
   51.399200   -1.9176473651887D-04     0.0
   51.459200   -1.9042486464564D-04     0.0
   51.519200   -1.8909590458225D-04     0.0
   51.579200   -1.8777775486458D-04     0.0
   51.639200   -1.8647031508884D-04     0.0
   51.699200   -1.8517348589937D-04     0.0
   51.759200   -1.8388716897648D-04     0.0
   51.819200   -1.8261126702441D-04     0.0
   51.879200   -1.8134568375954D-04     0.0
   51.939200   -1.8009032389868D-04     0.0
   51.999200   -1.7884509314755D-04     0.0
   52.059200   -1.7760989818935D-04     0.0
   52.119200   -1.7638464667357D-04     0.0
   52.179200   -1.7516924720481D-04     0.0
   52.239200   -1.7396360933189D-04     0.0
   52.299200   -1.7276764353696D-04     0.0
   52.359200   -1.7158126122485D-04     0.0
   52.419200   -1.7040437471250D-04     0.0
   52.479200   -1.6923689721852D-04     0.0
   52.539200   -1.6807874285291D-04     0.0
   52.599200   -1.6692982660692D-04     0.0
   52.659200   -1.6579006434298D-04     0.0
   52.719200   -1.6465937278477D-04     0.0
   52.779200   -1.6353766950752D-04     0.0
   52.839200   -1.6242487292823D-04     0.0
   52.899200   -1.6132090229623D-04     0.0
   52.959200   -1.6022567768369D-04     0.0
   53.019200   -1.5913911997631D-04     0.0
   53.079200   -1.5806115086419D-04     0.0
   53.139200   -1.5699169283268D-04     0.0
   53.199200   -1.5593066915345D-04     0.0
   53.259200   -1.5487800387564D-04     0.0
   53.319200   -1.5383362181709D-04     0.0
   53.379200   -1.5279744855573D-04     0.0
   53.439200   -1.5176941042103D-04     0.0
   53.499200   -1.5074943448560D-04     0.0
   53.559200   -1.4973744855683D-04     0.0
   53.619200   -1.4873338116871D-04     0.0
   53.679200   -1.4773716157368D-04     0.0
   53.739200   -1.4674871973465D-04     0.0
   53.799200   -1.4576798631704D-04     0.0
   53.859200   -1.4479489268098D-04     0.0
   53.919200   -1.4382937087357D-04     0.0
   53.979200   -1.4287135362127D-04     0.0
   54.039200   -1.4192077432234D-04     0.0
   54.099200   -1.4097756703940D-04     0.0
   54.159200   -1.4004166649208D-04     0.0
   54.219200   -1.3911300804972D-04     0.0
   54.279200   -1.3819152772424D-04     0.0
   54.339200   -1.3727716216302D-04     0.0
   54.399200   -1.3636984864190D-04     0.0
   54.459200   -1.3546952505825D-04     0.0
   54.519200   -1.3457612992415D-04     0.0
   54.579200   -1.3368960235963D-04     0.0
   54.639200   -1.3280988208598D-04     0.0
   54.699200   -1.3193690941918D-04     0.0
   54.759200   -1.3107062526339D-04     0.0
   54.819200   -1.3021097110450D-04     0.0
   54.879200   -1.2935788900376D-04     0.0
   54.939200   -1.2851132159153D-04     0.0
   54.999200   -1.2767121206108D-04     0.0
   55.059200   -1.2683750416241D-04     0.0
   55.119200   -1.2601014219624D-04     0.0
   55.179200   -1.2518907100801D-04     0.0
   55.239200   -1.2437423598195D-04     0.0
   55.299200   -1.2356558303526D-04     0.0
   55.359200   -1.2276305861234D-04     0.0
   55.419200   -1.2196660967904D-04     0.0
   55.479200   -1.2117618371710D-04     0.0
   55.539200   -1.2039172871850D-04     0.0
   55.599200   -1.1961319317999D-04     0.0
   55.659200   -1.1884052609770D-04     0.0
   55.719200   -1.1807367696166D-04     0.0
   55.779200   -1.1731259575059D-04     0.0
   55.839200   -1.1655723292659D-04     0.0
   55.899200   -1.1580753942997D-04     0.0
   55.959200   -1.1506346667416D-04     0.0
   56.019200   -1.1432496654059D-04     0.0
   56.079200   -1.1359199137371D-04     0.0
   56.139200   -1.1286449397606D-04     0.0
   56.199200   -1.1214242760335D-04     0.0
   56.259200   -1.1142574595965D-04     0.0
   56.319200   -1.1071440319262D-04     0.0
   56.379200   -1.1000835388877D-04     0.0
   56.439200   -1.0930755306883D-04     0.0
   56.499200   -1.0861195618311D-04     0.0
   56.559200   -1.0792151910695D-04     0.0
   56.619200   -1.0723619813624D-04     0.0
   56.679200   -1.0655594998293D-04     0.0
   56.739200   -1.0588073177070D-04     0.0
   56.799200   -1.0521050103054D-04     0.0
   56.859200   -1.0454521569648D-04     0.0
   56.919200   -1.0388483410138D-04     0.0
   56.979200   -1.0322931497268D-04     0.0
   57.039200   -1.0257861742827D-04     0.0
   57.099200   -1.0193270097242D-04     0.0
   57.159200   -1.0129152549166D-04     0.0
   57.219200   -1.0065505125084D-04     0.0
   57.279200   -1.0002323888914D-04     0.0
   57.339200   -9.9396049416146D-05     0.0
   57.399200   -9.8773444208006D-05     0.0
   57.459200   -9.8155385003581D-05     0.0
   57.519200   -9.7541833900673D-05     0.0
   57.579200   -9.6932753352288D-05     0.0
   57.639200   -9.6328106162941D-05     0.0
   57.699200   -9.5727855484999D-05     0.0
   57.759200   -9.5131964815067D-05     0.0
   57.819200   -9.4540397990430D-05     0.0
   57.879200   -9.3953119185509D-05     0.0
   57.939200   -9.3370092908382D-05     0.0
   57.999200   -9.2791283997327D-05     0.0
   58.059200   -9.2216657617419D-05     0.0
   58.119200   -9.1646179257148D-05     0.0
   58.179200   -9.1079814725099D-05     0.0
   58.239200   -9.0517530146644D-05     0.0
   58.299200   -8.9959291960688D-05     0.0
   58.359200   -8.9405066916450D-05     0.0
   58.419200   -8.8854822070277D-05     0.0
   58.479200   -8.8308524782487D-05     0.0
   58.539200   -8.7766142714265D-05     0.0
   58.599200   -8.7227643824583D-05     0.0
   58.659200   -8.6692996367147D-05     0.0
   58.719200   -8.6162168887402D-05     0.0
   58.779200   -8.5635130219538D-05     0.0
   58.839200   -8.5111849483562D-05     0.0
   58.899200   -8.4592296082381D-05     0.0
   58.959200   -8.4076439698927D-05     0.0
   59.019200   -8.3564250293312D-05     0.0
   59.079200   -8.3055698100009D-05     0.0
   59.139200   -8.2550753625082D-05     0.0
   59.199200   -8.2049387643424D-05     0.0
   59.259200   -8.1551571196039D-05     0.0
   59.319200   -8.1057275587357D-05     0.0
   59.379200   -8.0566472382572D-05     0.0
   59.439200   -8.0079133405001D-05     0.0
   59.499200   -7.9595230733500D-05     0.0
   59.559200   -7.9114736699880D-05     0.0
   59.619200   -7.8637623886364D-05     0.0
   59.679200   -7.8163865123071D-05     0.0
   59.739200   -7.7693433485535D-05     0.0
   59.799200   -7.7226302292230D-05     0.0
   59.859200   -7.6762445102151D-05     0.0
   59.919200   -7.6301835712396D-05     0.0
   59.979200   -7.5844448155793D-05     0.0
   60.039200   -7.5390256698541D-05     0.0
   60.099200   -7.4939235837881D-05     0.0
   60.159200   -7.4491360299802D-05     0.0
   60.219200   -7.4046605036748D-05     0.0
   60.279200   -7.3604945225381D-05     0.0
   60.339200   -7.3166356264343D-05     0.0
   60.399200   -7.2730813772052D-05     0.0
   60.459200   -7.2298293584530D-05     0.0
   60.519200   -7.1868771753239D-05     0.0
   60.579200   -7.1442224542952D-05     0.0
   60.639200   -7.1018628429643D-05     0.0
   60.699200   -7.0597960098403D-05     0.0
   60.759200   -7.0180196441371D-05     0.0
   60.819200   -6.9765314555699D-05     0.0
   60.879200   -6.9353291741526D-05     0.0
   60.939200   -6.8944105499988D-05     0.0
   60.999200   -6.8537733531234D-05     0.0
   61.059200   -6.8134153732481D-05     0.0
   61.119200   -6.7733344196070D-05     0.0
   61.179200   -6.7335283207564D-05     0.0
   61.239200   -6.6939949243848D-05     0.0
   61.299200   -6.6547320971262D-05     0.0
   61.359200   -6.6157377243750D-05     0.0
   61.419200   -6.5770097101024D-05     0.0
   61.479200   -6.5385459766755D-05     0.0
   61.539200   -6.5003444646782D-05     0.0
   61.599200   -6.4624031327337D-05     0.0
   61.659200   -6.4247199573292D-05     0.0
   61.719200   -6.3872929326417D-05     0.0
   61.779200   -6.3501200703677D-05     0.0
   61.839200   -6.3131993995517D-05     0.0
   61.899200   -6.2765289664194D-05     0.0
   61.959200   -6.2401068342108D-05     0.0
   62.019200   -6.2039310830156D-05     0.0
   62.079200   -6.1679998096114D-05     0.0
   62.139200   -6.1323111273011D-05     0.0
   62.199200   -6.0968631657551D-05     0.0
   62.259200   -6.0616540708526D-05     0.0
   62.319200   -6.0266820045264D-05     0.0
   62.379200   -5.9919451446082D-05     0.0
   62.439200   -5.9574416846760D-05     0.0
   62.499200   -5.9231698339025D-05     0.0
   62.559200   -5.8891278169071D-05     0.0
   62.619200   -5.8553138736063D-05     0.0
   62.679200   -5.8217262590681D-05     0.0
   62.739200   -5.7883632433676D-05     0.0
   62.799200   -5.7552231114432D-05     0.0
   62.859200   -5.7223041629545D-05     0.0
   62.919200   -5.6896047121431D-05     0.0
   62.979200   -5.6571230876925D-05     0.0
   63.039200   -5.6248576325917D-05     0.0
   63.099200   -5.5928067039988D-05     0.0
   63.159200   -5.5609686731064D-05     0.0
   63.219200   -5.5293419250090D-05     0.0
   63.279200   -5.4979248585707D-05     0.0
   63.339200   -5.4667158862952D-05     0.0
   63.399200   -5.4357134341966D-05     0.0
   63.459200   -5.4049159416721D-05     0.0
   63.519200   -5.3743218613750D-05     0.0
   63.579200   -5.3439296590904D-05     0.0
   63.639200   -5.3137378136109D-05     0.0
   63.699200   -5.2837448166148D-05     0.0
   63.759200   -5.2539491725443D-05     0.0
   63.819200   -5.2243493984857D-05     0.0
   63.879200   -5.1949440240513D-05     0.0
   63.939200   -5.1657315912609D-05     0.0
   63.999200   -5.1367106544265D-05     0.0
   64.059200   -5.1078797800367D-05     0.0
   64.119200   -5.0792375466435D-05     0.0
   64.179200   -5.0507825447484D-05     0.0
   64.239200   -5.0225133766921D-05     0.0
   64.299200   -4.9944286565430D-05     0.0
   64.359200   -4.9665270099894D-05     0.0
   64.419200   -4.9388070742295D-05     0.0
   64.479200   -4.9112674978661D-05     0.0
   64.539200   -4.8839069407993D-05     0.0
   64.599200   -4.8567240741228D-05     0.0
   64.659200   -4.8297175800188D-05     0.0
   64.719200   -4.8028861516566D-05     0.0
   64.779200   -4.7762284930901D-05     0.0
   64.839200   -4.7497433191572D-05     0.0
   64.899200   -4.7234293553805D-05     0.0
   64.959200   -4.6972853378683D-05     0.0
   65.019200   -4.6713100132173D-05     0.0
   65.079200   -4.6455021384160D-05     0.0
   65.139200   -4.6198604807484D-05     0.0
   65.199200   -4.5943838177003D-05     0.0
   65.259200   -4.5690709368646D-05     0.0
   65.319200   -4.5439206358496D-05     0.0
   65.379200   -4.5189317221859D-05     0.0
   65.439200   -4.4941030132366D-05     0.0
   65.499200   -4.4694333361064D-05     0.0
   65.559200   -4.4449215275534D-05     0.0
   65.619200   -4.4205664339003D-05     0.0
   65.679200   -4.3963669109467D-05     0.0
   65.739200   -4.3723218238838D-05     0.0
   65.799200   -4.3484300472080D-05     0.0
   65.859200   -4.3246904646362D-05     0.0
   65.919200   -4.3011019690224D-05     0.0
   65.979200   -4.2776634622739D-05     0.0
   66.039200   -4.2543738552704D-05     0.0
   66.099200   -4.2312320677808D-05     0.0
   66.159200   -4.2082370283844D-05     0.0
   66.219200   -4.1853876743900D-05     0.0
   66.279200   -4.1626829517573D-05     0.0
   66.339200   -4.1401218150189D-05     0.0
   66.399200   -4.1177032272025D-05     0.0
   66.459200   -4.0954261597545D-05     0.0
   66.519200   -4.0732895924640D-05     0.0
   66.579200   -4.0512925133878D-05     0.0
   66.639200   -4.0294339187762D-05     0.0
   66.699200   -4.0077128129985D-05     0.0
   66.759200   -3.9861282084712D-05     0.0
   66.819200   -3.9646791255850D-05     0.0
   66.879200   -3.9433645926337D-05     0.0
   66.939200   -3.9221836457433D-05     0.0
   66.999200   -3.9011353288017D-05     0.0
   67.059200   -3.8802186933897D-05     0.0
   67.119200   -3.8594327987121D-05     0.0
   67.179200   -3.8387767115295D-05     0.0
   67.239200   -3.8182495060911D-05     0.0
   67.299200   -3.7978502640680D-05     0.0
   67.359200   -3.7775780744870D-05     0.0
   67.419200   -3.7574320336653D-05     0.0
   67.479200   -3.7374112451458D-05     0.0
   67.539200   -3.7175148196325D-05     0.0
   67.599200   -3.6977418749278D-05     0.0
   67.659200   -3.6780915358686D-05     0.0
   67.719200   -3.6585629342651D-05     0.0
   67.779200   -3.6391552088381D-05     0.0
   67.839200   -3.6198675051586D-05     0.0
   67.899200   -3.6006989755871D-05     0.0
   67.959200   -3.5816487792134D-05     0.0
   68.019200   -3.5627160817981D-05     0.0
   68.079200   -3.5439000557128D-05     0.0
   68.139200   -3.5251998798827D-05     0.0
   68.199200   -3.5066147397288D-05     0.0
   68.259200   -3.4881438271106D-05     0.0
   68.319200   -3.4697863402700D-05     0.0
   68.379200   -3.4515414837748D-05     0.0
   68.439200   -3.4334084684638D-05     0.0
   68.499200   -3.4153865113918D-05     0.0
   68.559200   -3.3974748357749D-05     0.0
   68.619200   -3.3796726709369D-05     0.0
   68.679200   -3.3619792522564D-05     0.0
   68.739200   -3.3443938211130D-05     0.0
   68.799200   -3.3269156248361D-05     0.0
   68.859200   -3.3095439166523D-05     0.0
   68.919200   -3.2922779556342D-05     0.0
   68.979200   -3.2751170066502D-05     0.0
   69.039200   -3.2580603403134D-05     0.0
   69.099200   -3.2411072329323D-05     0.0
   69.159200   -3.2242569664609D-05     0.0
   69.219200   -3.2075088284504D-05     0.0
   69.279200   -3.1908621120003D-05     0.0
   69.339200   -3.1743161157107D-05     0.0
   69.399200   -3.1578701436345D-05     0.0
   69.459200   -3.1415235052308D-05     0.0
   69.519200   -3.1252755153175D-05     0.0
   69.579200   -3.1091254940262D-05     0.0
   69.639200   -3.0930727667554D-05     0.0
   69.699200   -3.0771166641257D-05     0.0
   69.759200   -3.0612565219351D-05     0.0
   69.819200   -3.0454916811140D-05     0.0
   69.879200   -3.0298214876817D-05     0.0
   69.939200   -3.0142452927024D-05     0.0
   69.999200   -2.9987624522421D-05     0.0
   70.059200   -2.9833723273261D-05     0.0
   70.119200   -2.9680742838961D-05     0.0
   70.179200   -2.9528676927683D-05     0.0
   70.239200   -2.9377519295922D-05     0.0
   70.299200   -2.9227263748088D-05     0.0
   70.359200   -2.9077904136104D-05     0.0
   70.419200   -2.8929434358994D-05     0.0
   70.479200   -2.8781848362490D-05     0.0
   70.539200   -2.8635140138630D-05     0.0
   70.599200   -2.8489303725365D-05     0.0
   70.659200   -2.8344333206172D-05     0.0
   70.719200   -2.8200222709667D-05     0.0
   70.779200   -2.8056966409220D-05     0.0
   70.839200   -2.7914558522580D-05     0.0
   70.899200   -2.7772993311499D-05     0.0
   70.959200   -2.7632265081358D-05     0.0
   71.019200   -2.7492368180801D-05     0.0
   71.079200   -2.7353297001366D-05     0.0
   71.139200   -2.7215045977132D-05     0.0
   71.199200   -2.7077609584351D-05     0.0
   71.259200   -2.6940982341099D-05     0.0
   71.319200   -2.6805158806924D-05     0.0
   71.379200   -2.6670133582495D-05     0.0
   71.439200   -2.6535901309260D-05     0.0
   71.499200   -2.6402456669099D-05     0.0
   71.559200   -2.6269794383995D-05     0.0
   71.619200   -2.6137909215687D-05     0.0
   71.679200   -2.6006795965344D-05     0.0
   71.739200   -2.5876449473234D-05     0.0
   71.799200   -2.5746864618398D-05     0.0
   71.859200   -2.5618036318326D-05     0.0
   71.919200   -2.5489959528636D-05     0.0
   71.979200   -2.5362629242757D-05     0.0
   72.039200   -2.5236040491615D-05     0.0
   72.099200   -2.5110188343319D-05     0.0
   72.159200   -2.4985067902855D-05     0.0
   72.219200   -2.4860674311776D-05     0.0
   72.279200   -2.4737002747905D-05     0.0
   72.339200   -2.4614048425027D-05     0.0
   72.399200   -2.4491806592595D-05     0.0
   72.459200   -2.4370272535436D-05     0.0
   72.519200   -2.4249441573456D-05     0.0
   72.579200   -2.4129309061351D-05     0.0
   72.639200   -2.4009870388322D-05     0.0
   72.699200   -2.3891120977785D-05     0.0
   72.759200   -2.3773056287097D-05     0.0
   72.819200   -2.3655671807267D-05     0.0
   72.879200   -2.3538963062690D-05     0.0
   72.939200   -2.3422925610863D-05     0.0
   72.999200   -2.3307555042118D-05     0.0
   73.059200   -2.3192846979351D-05     0.0
   73.119200   -2.3078797077758D-05     0.0
   73.179200   -2.2965401024565D-05     0.0
   73.239200   -2.2852654538770D-05     0.0
   73.299200   -2.2740553370882D-05     0.0
   73.359200   -2.2629093302663D-05     0.0
   73.419200   -2.2518270146874D-05     0.0
   73.479200   -2.2408079747020D-05     0.0
   73.539200   -2.2298517977100D-05     0.0
   73.599200   -2.2189580741361D-05     0.0
   73.659200   -2.2081263974050D-05     0.0
   73.719200   -2.1973563639168D-05     0.0
   73.779200   -2.1866475730230D-05     0.0
   73.839200   -2.1759996270029D-05     0.0
   73.899200   -2.1654121310392D-05     0.0
   73.959200   -2.1548846931947D-05     0.0
   74.019200   -2.1444169243893D-05     0.0
   74.079200   -2.1340084383765D-05     0.0
   74.139200   -2.1236588517205D-05     0.0
   74.199200   -2.1133677837737D-05     0.0
   74.259200   -2.1031348566540D-05     0.0
   74.319200   -2.0929596952226D-05     0.0
   74.379200   -2.0828419270620D-05     0.0
   74.439200   -2.0727811824536D-05     0.0
   74.499200   -2.0627770943567D-05     0.0
   74.559200   -2.0528292983862D-05     0.0
   74.619200   -2.0429374327920D-05     0.0
   74.679200   -2.0331011384373D-05     0.0
   74.739200   -2.0233200587778D-05     0.0
   74.799200   -2.0135938398410D-05     0.0
   74.859200   -2.0039221302057D-05     0.0
   74.919200   -1.9943045809812D-05     0.0
   74.979200   -1.9847408457874D-05     0.0
   75.039200   -1.9752305807347D-05     0.0
   75.099200   -1.9657734444039D-05     0.0
   75.159200   -1.9563690978269D-05     0.0
   75.219200   -1.9470172044667D-05     0.0
   75.279200   -1.9377174301982D-05     0.0
   75.339200   -1.9284694432894D-05     0.0
   75.399200   -1.9192729143818D-05     0.0
   75.459200   -1.9101275164717D-05     0.0
   75.519200   -1.9010329248917D-05     0.0
   75.579200   -1.8919888172921D-05     0.0
   75.639200   -1.8829948736223D-05     0.0
   75.699200   -1.8740507761130D-05     0.0
   75.759200   -1.8651562092578D-05     0.0
   75.819200   -1.8563108597953D-05     0.0
   75.879200   -1.8475144166916D-05     0.0
   75.939200   -1.8387665711227D-05     0.0
   75.999200   -1.8300670164569D-05     0.0
   76.059200   -1.8214154482373D-05     0.0
   76.119200   -1.8128115641655D-05     0.0
   76.179200   -1.8042550640836D-05     0.0
   76.239200   -1.7957456499580D-05     0.0
   76.299200   -1.7872830258625D-05     0.0
   76.359200   -1.7788668979620D-05     0.0
   76.419200   -1.7704969744956D-05     0.0
   76.479200   -1.7621729657608D-05     0.0
   76.539200   -1.7538945840972D-05     0.0
   76.599200   -1.7456615438704D-05     0.0
   76.659200   -1.7374735614565D-05     0.0
   76.719200   -1.7293303552259D-05     0.0
   76.779200   -1.7212316455282D-05     0.0
   76.839200   -1.7131771546765D-05     0.0
   76.899200   -1.7051666069322D-05     0.0
   76.959200   -1.6971997284895D-05     0.0
   77.019200   -1.6892762474610D-05     0.0
   77.079200   -1.6813958938621D-05     0.0
   77.139200   -1.6735583995967D-05     0.0
   77.199200   -1.6657634984423D-05     0.0
   77.259200   -1.6580109260354D-05     0.0
   77.319200   -1.6503004198573D-05     0.0
   77.379200   -1.6426317192198D-05     0.0
   77.439200   -1.6350045652506D-05     0.0
   77.499200   -1.6274187008798D-05     0.0
   77.559200   -1.6198738708259D-05     0.0
   77.619200   -1.6123698215815D-05     0.0
   77.679200   -1.6049063014001D-05     0.0
   77.739200   -1.5974830602825D-05     0.0
   77.799200   -1.5900998499628D-05     0.0
   77.859200   -1.5827564238959D-05     0.0
   77.919200   -1.5754525372436D-05     0.0
   77.979200   -1.5681879468616D-05     0.0
   78.039200   -1.5609624112867D-05     0.0
   78.099200   -1.5537756907237D-05     0.0
   78.159200   -1.5466275470328D-05     0.0
   78.219200   -1.5395177437166D-05     0.0
   78.279200   -1.5324460459078D-05     0.0
   78.339200   -1.5254122203566D-05     0.0
   78.399200   -1.5184160354184D-05     0.0
   78.459200   -1.5114572610415D-05     0.0
   78.519200   -1.5045356687549D-05     0.0
   78.579200   -1.4976510316563D-05     0.0
   78.639200   -1.4908031244000D-05     0.0
   78.699200   -1.4839917231854D-05     0.0
   78.759200   -1.4772166057447D-05     0.0
   78.819200   -1.4704775513317D-05     0.0
   78.879200   -1.4637743407101D-05     0.0
   78.939200   -1.4571067561419D-05     0.0
   78.999200   -1.4504745813763D-05     0.0
   79.059200   -1.4438776016379D-05     0.0
   79.119200   -1.4373156036163D-05     0.0
   79.179200   -1.4307883754542D-05     0.0
   79.239200   -1.4242957067372D-05     0.0
   79.299200   -1.4178373884821D-05     0.0
   79.359200   -1.4114132131267D-05     0.0
   79.419200   -1.4050229745186D-05     0.0
   79.479200   -1.3986664679051D-05     0.0
   79.539200   -1.3923434899222D-05     0.0
   79.599200   -1.3860538385842D-05     0.0
   79.659200   -1.3797973132736D-05     0.0
   79.719200   -1.3735737147306D-05     0.0
   79.779200   -1.3673828450429D-05     0.0
   79.839200   -1.3612245076355D-05     0.0
   79.899200   -1.3550985072609D-05     0.0
   79.959200   -1.3490046499890D-05     0.0
   80.019200   -1.3429427431973D-05     0.0
   80.079200   -1.3369125955610D-05     0.0
   80.139200   -1.3309140170433D-05     0.0
   80.199200   -1.3249468188860D-05     0.0
   80.259200   -1.3190108135996D-05     0.0
   80.319200   -1.3131058149541D-05     0.0
   80.379200   -1.3072316379694D-05     0.0
   80.439200   -1.3013880989063D-05     0.0
   80.499200   -1.2955750152568D-05     0.0
   80.559200   -1.2897922057355D-05     0.0
   80.619200   -1.2840394902699D-05     0.0
   80.679200   -1.2783166899919D-05     0.0
   80.739200   -1.2726236272284D-05     0.0
   80.799200   -1.2669601254930D-05     0.0
   80.859200   -1.2613260094767D-05     0.0
   80.919200   -1.2557211050392D-05     0.0
   80.979200   -1.2501452392007D-05     0.0
   81.039200   -1.2445982401328D-05     0.0
   81.099200   -1.2390799371504D-05     0.0
   81.159200   -1.2335901607028D-05     0.0
   81.219200   -1.2281287423658D-05     0.0
   81.279200   -1.2226955148332D-05     0.0
   81.339200   -1.2172903119083D-05     0.0
   81.399200   -1.2119129684962D-05     0.0
   81.459200   -1.2065633205953D-05     0.0
   81.519200   -1.2012412052895D-05     0.0
   81.579200   -1.1959464607401D-05     0.0
   81.639200   -1.1906789261780D-05     0.0
   81.699200   -1.1854384418957D-05     0.0
   81.759200   -1.1802248492396D-05     0.0
   81.819200   -1.1750379906022D-05     0.0
   81.879200   -1.1698777094148D-05     0.0
   81.939200   -1.1647438501392D-05     0.0
   81.999200   -1.1596362582608D-05     0.0
   82.059200   -1.1545547802810D-05     0.0
   82.119200   -1.1494992637094D-05     0.0
   82.179200   -1.1444695570571D-05     0.0
   82.239200   -1.1394655098286D-05     0.0
   82.299200   -1.1344869725152D-05     0.0
   82.359200   -1.1295337965876D-05     0.0
   82.419200   -1.1246058344889D-05     0.0
   82.479200   -1.1197029396272D-05     0.0
   82.539200   -1.1148249663689D-05     0.0
   82.599200   -1.1099717700316D-05     0.0
   82.659200   -1.1051432068774D-05     0.0
   82.719200   -1.1003391341056D-05     0.0
   82.779200   -1.0955594098465D-05     0.0
   82.839200   -1.0908038931543D-05     0.0
   82.899200   -1.0860724440004D-05     0.0
   82.959200   -1.0813649232670D-05     0.0
   83.019200   -1.0766811927404D-05     0.0
   83.079200   -1.0720211151042D-05     0.0
   83.139200   -1.0673845539334D-05     0.0
   83.199200   -1.0627713736876D-05     0.0
   83.259200   -1.0581814397047D-05     0.0
   83.319200   -1.0536146181943D-05     0.0
   83.379200   -1.0490707762323D-05     0.0
   83.439200   -1.0445497817535D-05     0.0
   83.499200   -1.0400515035464D-05     0.0
   83.559200   -1.0355758112465D-05     0.0
   83.619200   -1.0311225753305D-05     0.0
   83.679200   -1.0266916671103D-05     0.0
   83.739200   -1.0222829587267D-05     0.0
   83.799200   -1.0178963231438D-05     0.0
   83.859200   -1.0135316341432D-05     0.0
   83.919200   -1.0091887663176D-05     0.0
   83.979200   -1.0048675950655D-05     0.0
   84.039200   -1.0005679965855D-05     0.0
   84.099200   -9.9628984787027D-06     0.0
   84.159200   -9.9203302670103D-06     0.0
   84.219200   -9.8779741164196D-06     0.0
   84.279200   -9.8358288203469D-06     0.0
   84.339200   -9.7938931799265D-06     0.0
   84.399200   -9.7521660039566D-06     0.0
   84.459200   -9.7106461088447D-06     0.0
   84.519200   -9.6693323185532D-06     0.0
   84.579200   -9.6282234645469D-06     0.0
   84.639200   -9.5873183857391D-06     0.0
   84.699200   -9.5466159284389D-06     0.0
   84.759200   -9.5061149462990D-06     0.0
   84.819200   -9.4658143002643D-06     0.0
   84.879200   -9.4257128585192D-06     0.0
   84.939200   -9.3858094964374D-06     0.0
   84.999200   -9.3461030965315D-06     0.0
   85.059200   -9.3065925484016D-06     0.0
   85.119200   -9.2672767486863D-06     0.0
   85.179200   -9.2281546010126D-06     0.0
   85.239200   -9.1892250159470D-06     0.0
   85.299200   -9.1504869109471D-06     0.0
   85.359200   -9.1119392103123D-06     0.0
   85.419200   -9.0735808451365D-06     0.0
   85.479200   -9.0354107532601D-06     0.0
   85.539200   -8.9974278792230D-06     0.0
   85.599200   -8.9596311742176D-06     0.0
   85.659200   -8.9220195960418D-06     0.0
   85.719200   -8.8845921090536D-06     0.0
   85.779200   -8.8473476841246D-06     0.0
   85.839200   -8.8102852985946D-06     0.0
   85.899200   -8.7734039362269D-06     0.0
   85.959200   -8.7367025871629D-06     0.0
   86.019200   -8.7001802478780D-06     0.0
   86.079200   -8.6638359211375D-06     0.0
   86.139200   -8.6276686159526D-06     0.0
   86.199200   -8.5916773475372D-06     0.0
   86.259200   -8.5558611372647D-06     0.0
   86.319200   -8.5202190126249D-06     0.0
   86.379200   -8.4847500071826D-06     0.0
   86.439200   -8.4494531605337D-06     0.0
   86.499200   -8.4143275182654D-06     0.0
   86.559200   -8.3793721319129D-06     0.0
   86.619200   -8.3445860589198D-06     0.0
   86.679200   -8.3099683625958D-06     0.0
   86.739200   -8.2755181120773D-06     0.0
   86.799200   -8.2412343822865D-06     0.0
   86.859200   -8.2071162538917D-06     0.0
   86.919200   -8.1731628132679D-06     0.0
   86.979200   -8.1393731524567D-06     0.0
   87.039200   -8.1057463691281D-06     0.0
   87.099200   -8.0722815665413D-06     0.0
   87.159200   -8.0389778535064D-06     0.0
   87.219200   -8.0058343443466D-06     0.0
   87.279200   -7.9728501588592D-06     0.0
   87.339200   -7.9400244222794D-06     0.0
   87.399200   -7.9073562652420D-06     0.0
   87.459200   -7.8748448237452D-06     0.0
   87.519200   -7.8424892391129D-06     0.0
   87.579200   -7.8102886579593D-06     0.0
   87.639200   -7.7782422321516D-06     0.0
   87.699200   -7.7463491187753D-06     0.0
   87.759200   -7.7146084800975D-06     0.0
   87.819200   -7.6830194835320D-06     0.0
   87.879200   -7.6515813016043D-06     0.0
   87.939200   -7.6202931119164D-06     0.0
   87.999200   -7.5891540971125D-06     0.0
   88.059200   -7.5581634448447D-06     0.0
   88.119200   -7.5273203477385D-06     0.0
   88.179200   -7.4966240033596D-06     0.0
   88.239200   -7.4660736141799D-06     0.0
   88.299200   -7.4356683875442D-06     0.0
   88.359200   -7.4054075356375D-06     0.0
   88.419200   -7.3752902754518D-06     0.0
   88.479200   -7.3453158287535D-06     0.0
   88.539200   -7.3154834220516D-06     0.0
   88.599200   -7.2857922865650D-06     0.0
   88.659200   -7.2562416581909D-06     0.0
   88.719200   -7.2268307774733D-06     0.0
   88.779200   -7.1975588895714D-06     0.0
   88.839200   -7.1684252442287D-06     0.0
   88.899200   -7.1394290957416D-06     0.0
   88.959200   -7.1105697029295D-06     0.0
   89.019200   -7.0818463291036D-06     0.0
   89.079200   -7.0532582420372D-06     0.0
   89.139200   -7.0248047139352D-06     0.0
   89.199200   -6.9964850214047D-06     0.0
   89.259200   -6.9682984454255D-06     0.0
   89.319200   -6.9402442713200D-06     0.0
   89.379200   -6.9123217887254D-06     0.0
   89.439200   -6.8845302915634D-06     0.0
   89.499200   -6.8568690780123D-06     0.0
   89.559200   -6.8293374504783D-06     0.0
   89.619200   -6.8019347155673D-06     0.0
   89.679200   -6.7746601840568D-06     0.0
   89.739200   -6.7475131708676D-06     0.0
   89.799200   -6.7204929950369D-06     0.0
   89.859200   -6.6935989796907D-06     0.0
   89.919200   -6.6668304520155D-06     0.0
   89.979200   -6.6401867432327D-06     0.0
   90.039200   -6.6136671885710D-06     0.0
   90.099200   -6.5872711272395D-06     0.0
   90.159200   -6.5609979024020D-06     0.0
   90.219200   -6.5348468611497D-06     0.0
   90.279200   -6.5088173544761D-06     0.0
   90.339200   -6.4829087372508D-06     0.0
   90.399200   -6.4571203681933D-06     0.0
   90.459200   -6.4314516098479D-06     0.0
   90.519200   -6.4059018285588D-06     0.0
   90.579200   -6.3804703944440D-06     0.0
   90.639200   -6.3551566813708D-06     0.0
   90.699200   -6.3299600669315D-06     0.0
   90.759200   -6.3048799324180D-06     0.0
   90.819200   -6.2799156627978D-06     0.0
   90.879200   -6.2550666466895D-06     0.0
   90.939200   -6.2303322763393D-06     0.0
   90.999200   -6.2057119475962D-06     0.0
   91.059200   -6.1812050598892D-06     0.0
   91.119200   -6.1568110162031D-06     0.0
   91.179200   -6.1325292230553D-06     0.0
   91.239200   -6.1083590904729D-06     0.0
   91.299200   -6.0843000319690D-06     0.0
   91.359200   -6.0603514645207D-06     0.0
   91.419200   -6.0365128085452D-06     0.0
   91.479200   -6.0127834878788D-06     0.0
   91.539200   -5.9891629297530D-06     0.0
   91.599200   -5.9656505647733D-06     0.0
   91.659200   -5.9422458268965D-06     0.0
   91.719200   -5.9189481534091D-06     0.0
   91.779200   -5.8957569849057D-06     0.0
   91.839200   -5.8726717652672D-06     0.0
   91.899200   -5.8496919416391D-06     0.0
   91.959200   -5.8268169644108D-06     0.0
   92.019200   -5.8040462871941D-06     0.0
   92.079200   -5.7813793668020D-06     0.0
   92.139200   -5.7588156632287D-06     0.0
   92.199200   -5.7363546396277D-06     0.0
   92.259200   -5.7139957622924D-06     0.0
   92.319200   -5.6917385006352D-06     0.0
   92.379200   -5.6695823271671D-06     0.0
   92.439200   -5.6475267174779D-06     0.0
   92.499200   -5.6255711502163D-06     0.0
   92.559200   -5.6037151070698D-06     0.0
   92.619200   -5.5819580727452D-06     0.0
   92.679200   -5.5602995349488D-06     0.0
   92.739200   -5.5387389843678D-06     0.0
   92.799200   -5.5172759146500D-06     0.0
   92.859200   -5.4959098223852D-06     0.0
   92.919200   -5.4746402070867D-06     0.0
   92.979200   -5.4534665711714D-06     0.0
   93.039200   -5.4323884199417D-06     0.0
   93.099200   -5.4114052615670D-06     0.0
   93.159200   -5.3905166070653D-06     0.0
   93.219200   -5.3697219702842D-06     0.0
   93.279200   -5.3490208678836D-06     0.0
   93.339200   -5.3284128193171D-06     0.0
   93.399200   -5.3078973468142D-06     0.0
   93.459200   -5.2874739753623D-06     0.0
   93.519200   -5.2671422326896D-06     0.0
   93.579200   -5.2469016492469D-06     0.0
   93.639200   -5.2267517581904D-06     0.0
   93.699200   -5.2066920953646D-06     0.0
   93.759200   -5.1867221992848D-06     0.0
   93.819200   -5.1668416111201D-06     0.0
   93.879200   -5.1470498746768D-06     0.0
   93.939200   -5.1273465363810D-06     0.0
   93.999200   -5.1077311452620D-06     0.0
   94.059200   -5.0882032529363D-06     0.0
   94.119200   -5.0687624135906D-06     0.0
   94.179200   -5.0494081839655D-06     0.0
   94.239200   -5.0301401233391D-06     0.0
   94.299200   -5.0109577935113D-06     0.0
   94.359200   -4.9918607587874D-06     0.0
   94.419200   -4.9728485859624D-06     0.0
   94.479200   -4.9539208443051D-06     0.0
   94.539200   -4.9350771055425D-06     0.0
   94.599200   -4.9163169438441D-06     0.0
   94.659200   -4.8976399358067D-06     0.0
   94.719200   -4.8790456604383D-06     0.0
   94.779200   -4.8605336991440D-06     0.0
   94.839200   -4.8421036357098D-06     0.0
   94.899200   -4.8237550562881D-06     0.0
   94.959200   -4.8054875493830D-06     0.0
   95.019200   -4.7873007058345D-06     0.0
   95.079200   -4.7691941188048D-06     0.0
   95.139200   -4.7511673837630D-06     0.0
   95.199200   -4.7332200984711D-06     0.0
   95.259200   -4.7153518629691D-06     0.0
   95.319200   -4.6975622795608D-06     0.0
   95.379200   -4.6798509527998D-06     0.0
   95.439200   -4.6622174894751D-06     0.0
   95.499200   -4.6446614985971D-06     0.0
   95.559200   -4.6271825913841D-06     0.0
   95.619200   -4.6097803812474D-06     0.0
   95.679200   -4.5924544837789D-06     0.0
   95.739200   -4.5752045167364D-06     0.0
   95.799200   -4.5580301000307D-06     0.0
   95.859200   -4.5409308557117D-06     0.0
   95.919200   -4.5239064079552D-06     0.0
   95.979200   -4.5069563830496D-06     0.0
   96.039200   -4.4900804093829D-06     0.0
   96.099200   -4.4732781174294D-06     0.0
   96.159200   -4.4565491397365D-06     0.0
   96.219200   -4.4398931109122D-06     0.0
   96.279200   -4.4233096676121D-06     0.0
   96.339200   -4.4067984485266D-06     0.0
   96.399200   -4.3903590943682D-06     0.0
   96.459200   -4.3739912478591D-06     0.0
   96.519200   -4.3576945537186D-06     0.0
   96.579200   -4.3414686586509D-06     0.0
   96.639200   -4.3253132113323D-06     0.0
   96.699200   -4.3092278623996D-06     0.0
   96.759200   -4.2932122644374D-06     0.0
   96.819200   -4.2772660719664D-06     0.0
   96.879200   -4.2613889414314D-06     0.0
   96.939200   -4.2455805311893D-06     0.0
   96.999200   -4.2298405014969D-06     0.0
   97.059200   -4.2141685145000D-06     0.0
   97.119200   -4.1985642342213D-06     0.0
   97.179200   -4.1830273265486D-06     0.0
   97.239200   -4.1675574592235D-06     0.0
   97.299200   -4.1521543018302D-06     0.0
   97.359200   -4.1368175257837D-06     0.0
   97.419200   -4.1215468043189D-06     0.0
   97.479200   -4.1063418124792D-06     0.0
   97.539200   -4.0912022271058D-06     0.0
   97.599200   -4.0761277268257D-06     0.0
   97.659200   -4.0611179920422D-06     0.0
   97.719200   -4.0461727049222D-06     0.0
   97.779200   -4.0312915493873D-06     0.0
   97.839200   -4.0164742111015D-06     0.0
   97.899200   -4.0017203774612D-06     0.0
   97.959200   -3.9870297375847D-06     0.0
   98.019200   -3.9724019823015D-06     0.0
   98.079200   -3.9578368041415D-06     0.0
   98.139200   -3.9433338973255D-06     0.0
   98.199200   -3.9288929577538D-06     0.0
   98.259200   -3.9145136829968D-06     0.0
   98.319200   -3.9001957722845D-06     0.0
   98.379200   -3.8859389264961D-06     0.0
   98.439200   -3.8717428481506D-06     0.0
   98.499200   -3.8576072413961D-06     0.0
   98.559200   -3.8435318120006D-06     0.0
   98.619200   -3.8295162673415D-06     0.0
   98.679200   -3.8155603163964D-06     0.0
   98.739200   -3.8016636697328D-06     0.0
   98.799200   -3.7878260394989D-06     0.0
   98.859200   -3.7740471394141D-06     0.0
   98.919200   -3.7603266847588D-06     0.0
   98.979200   -3.7466643923658D-06     0.0
   99.039200   -3.7330599806102D-06     0.0
   99.099200   -3.7195131694005D-06     0.0
   99.159200   -3.7060236801694D-06     0.0
   99.219200   -3.6925912358639D-06     0.0
   99.279200   -3.6792155609372D-06     0.0
   99.339200   -3.6658963813386D-06     0.0
   99.399200   -3.6526334245051D-06     0.0
   99.459200   -3.6394264193524D-06     0.0
   99.519200   -3.6262750962656D-06     0.0
   99.579200   -3.6131791870908D-06     0.0
   99.639200   -3.6001384251260D-06     0.0
   99.699200   -3.5871525451125D-06     0.0
   99.759200   -3.5742212832263D-06     0.0
   99.819200   -3.5613443770694D-06     0.0
   99.879200   -3.5485215656610D-06     0.0
   99.939200   -3.5357525894295D-06     0.0
   99.999200   -3.5230371902037D-06     0.0
